-10668700.0;51760600.0;14880300.0
-22182800.0;55414000.0;9052420.0
-11440600.0;69614600.0;20927000.0
-17260600.0;40201900.0;6829690.0
-13987800.0;55407700.0;6707590.0
-10620200.0;40531500.0;11068400.0
-22324800.0;64985299.99999999;14038200.0
-22280400.0;51755000.0;10897700.0
-5986990.0;66209100.00000001;11251900.0
-28230200.0;64918400.0;635996.0
-5357880.0;55042300.0;4649890.0
-7196120.0;51786100.0;14595700.0
-2461870.0;55098000.0;9284810.0
-14143100.0;51011300.0;8261400.0
-20153700.0;75123300.0;8438870.0
-4251200.0;53473900.0;13689800.0
-16791300.0;13216000.0;8208240.0
-23778200.0;41059700.0;10216800.0
-14425400.0;45962600.0;10195100.0
-826621.0;67729600.0;18837500.0
20832400.0;-60261900.0;1006699.9999999999
3337850.0;22061600.0;-21039500.0
-25845100.0;69618800.0;13327900.0
-17132100.0;68983000.0;8957870.0
-18563500.0;51969100.0;13966700.0
-18151000.0;59075200.0;5094790.0
-1407080.0;-6419180.0;22469200.0
-9456730.0;73580100.0;23456500.0
-14241300.0;66006400.00000001;17452400.0
-4746500.0;23153200.0;20396200.0
8993690.0;-4381240.0;18246500.0
-11134900.0;52237400.0;17560700.0
-29410100.0;55937700.0;6123860.0
-22984300.0;56470400.0;18261900.0
-11257500.0;70176900.0;16128199.999999998
-18158000.0;41962800.0;16133400.0
-15832100.000000002;57029900.0;23005100.0
-10904400.0;40817500.0;13146800.0
-22622900.0;65153100.00000001;15880700.000000002
-22683500.0;52134400.0;14239800.0
-6687380.0;66516599.99999999;14894200.0
-28646100.0;65472699.99999999;5796880.0
-7531170.0;56939500.0;19609600.0
-7623680.0;52122200.0;17192900.0
-15230800.0;52125900.0;18125700.0
-19008600.0;52377400.0;17815600.0
-18279100.0;58671700.0;4449780.0
-4896780.0;33155200.000000004;17595300.0
-17953600.0;69307100.0;19682500.0
-11171000.0;60556600.0;17283800.0
-21273400.0;71028900.0;23409100.0
-25362700.0;53514800.0;13671900.0
-28312500.0;71709800.0;4771810.0
29757.2;-10809500.0;14076300.0
748756.0;74667400.0;3459100.0
955349.0;45274400.0;22204500.0
-26060800.0;69613000.0;23370200.0
-10407000.0;51731500.0;12980200.0
-28726800.0;54694900.0;-5846120.0
-22090600.0;55162000.0;9258150.0
-9686380.0;69861400.0;10829900.0
-17678000.0;40882800.0;10234700.0
-14447100.0;55638100.0;9151310.0
-10814700.0;40682700.0;12396300.0
-21815700.0;64780700.0;7371540.0
-28490400.0;64800800.00000001;6523460.0
-6807340.0;51584400.0;13189300.0
-13510900.0;50111500.0;2039570.0
-18278900.0;51292900.0;9228440.0
-10169200.0;59952600.0;11397000.0
-20578200.0;70818700.0;20242900.0
-13303500.0;65624699.99999999;8875330.0
-14199500.0;45795100.0;10100900.0
-23783400.0;40904100.0;9168960.0
-422843.0;68042200.0;17486600.0
-4328710.0;53590900.0;15234000.0
-2778670.0;55333000.0;12500400.0
-42047300.0;-51368700.0;13568100.0
-27749700.0;41130500.0;-29894700.0
-2769120.0;15033400.0;14743400.0
-20406100.0;75145500.0;12884000.0
-6733380.0;69501700.0;24860100.0
-3758520.0;45981300.0;13452600.0
-2876590.0;11895100.0;16542700.0
-25503800.0;69746600.0;6936840.0
-33940200.0;-51594900.0;20120400.0
2367610.0;23525500.0;-14495200.0
-22198900.0;51692400.0;10439100.0
-6668090.0;56079800.0;13638800.0
-21319200.0;45774900.0;4589500.0
-58173200.0;-81044800.0;-21293300.0
-29287300.0;37153900.0;4045820.0000000005
-31913800.0;46366000.0;-2005850.0
-33303899.999999996;66669999.99999999;4026900.0
-30909700.0;68518900.0;-2092919.9999999998
-33872900.0;46547500.0;22208100.0
-2871110.0;61365500.0;12921500.0
-16583299.999999998;13437900.0;9582780.0
-22767100.0;69300000.0;21899400.0
-23485600.0;70459800.0;10634900.0
-22107300.0;55674600.0;10983300.0
-17702500.0;41281400.0;11680700.0
-14924800.0;56102500.0;13657100.0
-11183200.0;41205000.0;15596400.0
-21918100.0;65506900.00000001;12162100.0
-28508300.0;64780000.00000001;8580020.0
-7003930.0;51768500.0;15569800.0
-10381800.0;60076100.0;13512600.0
-11059500.0;65228600.0;-1633910.0
-23725200.0;41067100.0;10695000.0
-2560490.0;15200100.0;15511300.0
-3459110.0;46340300.0;13349300.0
-1793960.0;29574000.0;4937290.0
-22548200.0;52288000.0;15408000.0
-5114680.0;62143200.0;21730600.0
-25001000.0;53394700.0;12907000.0
-18988200.0;52114500.0;15771600.0
-31945200.0;47514400.0;5447240.0
-30418800.0;-97580700.0;23726400.0
9568910.0;-105713000.0;19392800.0
-4104870.0;53511500.0;15082300.0
-7979369.999999999;48685000.0;8602020.0
-6343070.0;56178700.0;14028000.0
-10377600.0;51756000.0;14698700.0
-3553370.0;49556100.0;12276400.0
-1737910.0;19074100.0;9322520.0
-25711400.0;69242600.0;10759700.0
-31780400.0;42694700.0;-3325880.0
-34363500.0;-54632300.0;23376200.0
-13946900.0;45800800.0;10076200.0
-30306500.0;23638000.0;19568500.0
-25105300.0;66228700.0;13554700.0
12754300.0;-7967520.000000001;-21601000.0
5580230.0;47311200.0;5713320.0
31322299.999999996;-71211700.0;-4826920.0
-30773400.0;48718800.0;20424500.0
-28512000.0;42199500.0;7007330.0
-32546100.0;45191600.0;8052399.999999999
-37490500.0;-46301700.0;23005200.0
-11026900.0;74045400.0;15575200.0
-28196500.0;55899900.0;5872490.0
-23651500.0;56419800.0;20132000.0
-19279500.0;42568700.0;19727900.0
-15676400.0;56394000.0;17506000.0
-11244200.0;41412400.0;15792800.0
-22708700.0;65802600.0;16874600.0
-28069800.0;64484500.0;8558480.0
-7884880.0;52219600.0;19172500.0
-14492400.0;64930600.00000001;13821900.0
-24886500.0;42624300.0;18964000.0
-4462980.0;46828100.0;16119900.0
-5988260.0;32839599.999999996;18657800.0
-22770100.0;52466500.0;16515900.0
-29950900.0;68196200.0;-1883190.0
-10810200.0;69556600.0;16305100.0
-4081250.0;53597900.0;16033700.000000002
-22882500.0;71111800.0;13682100.0
-32257300.000000004;44913300.0;5227540.0
-19075900.0;68402300.0;13696000.0
-13834000.0;46279900.0;11667200.0
-17277200.0;74272300.0;10199500.0
-1412700.0;73891000.0;12053700.0
-13407700.0;52762400.0;24685400.0
-1846120.0;14899900.0;14469500.0
-25562000.0;53691300.0;16576700.0
-4636060.0;72990400.0;12733800.0
-6672840.0;56399200.0;15819100.0
-25534700.0;66280400.0;16462399.999999998
-26687200.0;71052900.0;9107680.0
-11712100.0;69483600.0;28396000.0
-31173700.0;25286600.0;12525600.0
-9632960.0;73805800.0;12640900.0
-10688200.0;60095900.0;15950200.000000002
3019320.0;52206100.0;12363200.0
-3021360.0;12641800.0;19516100.0
-28822100.0;46935600.0;11228400.0
5129410.0;73098800.0;4877400.0
-11635700.0;50349900.0;19184200.0
-23554000.0;38140700.0;12281600.0
-9442250.0;68208600.0;10635600.0
-4855500.0;72552700.0;104392.0
-1154300.0;74306400.0;8823460.0
-10635500.0;75679300.0;7992390.0
-28671500.0;-109230000.0;25108300.0
-57189500.0;-181199000.0;-709939.0
-16323000.0;92019900.0;9827620.0
-20100200.0;75889500.0;12610200.0
-26398900.0;69240500.0;-8466170.0
-25135300.0;59421000.0;7472640.0
-67728600.0;-169891000.0;20693800.0
-25618300.0;69405600.0;6191790.0
-27776000.0;20146800.0;4765940.0
-36963100.0;-150933000.0;21936500.0
-28795500.0;68310700.0;-9224140.0
-23717300.0;74640400.0;2723220.0
6564330.0;71622600.0;-3068320.0
-21813200.0;72374700.0;-14988200.0
-7447380.0;64976099.99999999;14714700.0
-27983800.0;73523900.0;-13577900.0
1450450.0;60448600.0;9417020.0
-9745620.0;10343900.0;14164900.0
-24840000.0;66890800.0;-8931210.0
3004200.0;73454900.0;733721.0
-15437900.0;79401700.0;-5577160.0
-22843700.0;71392900.0;-19055100.0
2128650.0;74598400.0;-3942560.0000000005
-10134200.0;81908400.0;2200770.0
-10133900.0;70352100.0;-19677600.0
1120700.0;24176600.0;12904000.0
6178090.0;58082600.0;-20899900.0
-1292530.0;66966200.0;-22329700.0
5951080.0;71759200.0;-8208409.999999999
-1700820.0;58821800.0;-24658700.0
-23485500.0;68254600.0;-9679320.0
-7761560.0;74250100.0;-7112320.0
-26299300.0;72782200.0;-2639270.0
6090970.0;63263000.0;5278500.0
16904200.0;900269.0;1903570.0
-12451500.0;67854400.0;16129000.000000002
-23935800.0;74218400.0;-2416830.0
-28681300.0;54506100.0;6920090.0
-3353340.0;69727900.0;-14430800.0
-34760300.0;66060400.00000001;-4706960.0
-36369000.0;10532700.0;-2218140.0
-9084190.0;74536500.0;-19325900.0
-18978400.0;72820400.0;8826780.0
-14331600.0;74829100.0;-18699000.0
-18025100.0;76480900.0;-14678700.0
-14535900.0;56937100.0;16073500.000000002
-18774300.0;62673200.0;15108800.0
-21320700.0;75324300.0;-15399600.0
-22808800.0;75626100.0;-13030900.0
-25549200.0;75111700.0;-12090200.0
-22188400.0;49791900.0;16209000.000000002
-31205000.0;61328100.0;-3293040.0
1274010.0;9194140.0;14933400.0
15525900.0;-140896000.0;23909900.0
-23896600.0;70858700.0;-2972990.0
-29101300.0;69266000.0;-3681830.0
-28176100.0;78420400.0;-1835860.0
-14414600.0;75672600.0;-18252800.0
-21951900.0;58761900.0;10812900.0
-25147500.0;69333900.0;2098200.0
-3474830.0;72505700.0;-22365900.0
-21706300.0;71390800.0;-649541.0
-26937600.0;44297000.0;3193660.0
13801300.0;10829800.0;-385458.0
23466300.0;-9068230.0;-5487280.0
-9777530.0;69147500.0;11167300.0
-6105620.0;74841900.0;1017390.0
-1408220.0;75120800.0;9255490.0
-22248500.0;46200400.0;7862690.0
-57626500.0;-178978000.0;-570890.0
-26646700.0;70829900.0;-7194700.0
-25714900.0;70093100.0;6828730.0
-28989200.0;69741300.0;-7991910.0
-20424900.0;88005500.0;8317570.0
-8878200.0;77381700.0;-4882220.0
-12894900.0;69566000.0;16937800.0
-27401500.0;46648100.0;2575570.0
-36196700.0;7968269.999999999;-2933130.0
-8923340.0;74526500.0;-19347000.0
-19199000.0;73466600.0;9180910.0
-24401300.0;73372400.0;-10110000.0
-15039800.0;76864000.0;-17066700.0
-19098000.0;80163500.0;-12024600.0
-12014000.0;47907900.0;12621500.0
-19009200.0;63666000.0;15589700.0
13466300.0;-174278000.0;28769600.0
-22898400.0;76093400.0;-12715200.0
-24316200.0;70389600.0;-15442400.0
-22385000.0;50765800.0;16649899.999999998
2915230.0;4023900.0000000005;13478600.0
-24441000.0;73097500.0;-1458400.0
-28909300.0;68883300.0;-3938220.0
-37403000.0;53466300.0;2212040.0
-25588900.0;69345000.0;-8316450.0
-14525600.0;76134800.0;-17802900.0
-14517200.0;71219800.0;7019950.0
-22987600.0;75777700.0;2406410.0
-14612900.0;81821700.0;5744750.0
19035000.0;2837760.0;-455660.0
-24425700.0;73647900.0;10378000.0
-27962000.0;54069100.0;-23140500.0
-479362.0;75717800.0;415723.0
-5631070.0;74721300.0;-15250900.0
-22628400.0;75073300.0;5194720.0
-14229500.0;80557600.0;4582910.0
-40410400.0;-190184000.0;25568100.0
-21890300.0;72550100.0;-15120800.0
-23253300.0;74418200.0;-11585400.0
-10783200.0;16096800.000000002;14778700.0
-22946600.0;89266600.0;20603500.0
-12011700.0;79551600.0;9532790.0
-17774300.0;59679100.0;14106100.0
-12032500.0;76512500.0;-16565700.0
-18881700.0;76522300.0;-9718460.0
-17544900.0;73198200.0;-16563000.000000002
588510.0;39676900.0;12014200.0
-13457400.0;70931100.0;17325800.0
-23231000.0;71758200.0;1082490.0
-1490980.0;78551900.0;1243400.0
-9399310.0;75017800.0;-19155400.0
-21615400.0;76246500.0;-14684300.0
-29208700.0;70686800.0;-7706900.0
-2911780.0;68495400.0;5367970.0
-9985240.0;68877900.0;11001700.0
-5547910.0;73281300.0;551037.0
-1580840.0;74880200.0;9328670.0
-21865800.0;42883600.0;7205080.0
-26654200.0;68871600.0;-8323110.0
-7927950.0;74886800.0;9961410.0
-25666000.0;68103500.0;5345860.0
-29428900.0;71758600.0;-7000320.0
-8287599.999999999;74588500.0;-6378960.0
-832254.0;57147800.0;-27478500.0
-19199100.0;72650700.0;8526300.0
-24643500.0;73547800.0;-9832530.0
-12849000.0;51623900.0;14434300.0
-24556500.0;71847100.0;-14023800.0
-25598500.0;71643700.0;-6063660.0
-14988600.0;76513000.0;-17816200.0
-25161800.0;66241700.0;1287710.0
-22105000.0;69688500.0;2811200.0
7127910.0;69581800.0;-4225770.0
-22142400.0;72713100.0;-14895700.0
-23389900.0;73786200.0;-11890900.0
-10307100.0;11851700.0;13705700.0
-20500200.0;73652400.0;13620800.0
-12350400.0;80119600.0;10040500.0
-18089800.0;60203400.0;14563200.0
-12220400.0;76528400.0;-16405200.000000002
-18486500.0;73467500.0;-11544400.0
-18986800.0;79324100.0;-12170900.0
-13320800.0;69796900.0;16993200.0
-23873300.0;74647200.0;2671320.0
-1446430.0;78274100.0;1003669.9999999999
-9355610.0;74678900.0;-19487700.0
-21577000.0;75760700.0;-15103200.0
-28717600.0;66687200.0;-10117100.0
189484.0;73989200.0;-739182.0
-11905200.0;73887100.0;9619860.0
-13192100.0;75116300.0;8069460.000000001
-78036100.0;-184090000.0;15453300.0
-3310350.0;22725700.0;19401700.0
-19113300.0;-10658700.0;3121240.0
-19681800.0;74791800.0;9759620.0
-26322600.0;77911300.0;-10086000.0
12252.0;72187400.0;2868330.0
74482.1;74697900.0;-516802.0
43398900.0;4823400.0;-27223900.0
-49090300.0;-140455000.0;7489630.0
-29284100.0;69378100.0;-8397960.0
-14735900.0;75454400.0;-18354400.0
-21363000.0;64226000.00000001;-4001550.0000000005
-31827400.0;65025900.0;-2098010.0
-10108500.0;69153600.0;11000700.0
-8384030.000000001;79747700.0;3707370.0
-24139900.0;53527300.0;11077000.0
-27223900.0;72216500.0;-6233000.0
-8844250.0;77545400.0;10957200.0
-26070000.0;69337700.0;6007500.0
-3330340.0;68018600.0;-14241600.0
-25106600.0;74763200.0;-9279820.0
-31377299.999999996;93973900.0;8451410.0
-16452999.999999998;80682900.0;-14386700.0
-21683400.0;74750300.0;-7449020.0
-19589400.0;68521100.0;12306400.0
-13183000.0;79133600.0;-14391000.0
-13756700.0;70934400.0;17496900.0
-22855100.0;79913000.0;-12134500.0
-17944200.0;83338200.0;722441.0
-23304000.0;76014200.0;5737150.0
-20594800.0;77911900.0;11270300.0
-1617120.0;77650400.0;12369900.0
-15141900.0;75254600.0;14668100.0
-29475000.0;70481100.0;-7911380.000000001
-28442800.0;72081700.0;4263730.0
-25619400.0;37731800.0;-45563500.0
-15631300.0;78225800.0;-16424000.000000002
-32287600.0;67935300.0;-628094.0
-14242400.0;78675500.0;11929200.0
-7627260.0;74715200.0;-18044200.0
-18446900.0;71429700.0;-13282300.0
-26858500.0;67445500.0;-9225790.0
-14766400.0;80430100.0;4407630.0
-15510400.0;77485200.0;-17179300.0
-24180000.0;69789700.0;-3529110.0
-57470600.0;-180056000.0;434185.0
-28082300.0;65083300.0;-1242870.0
-11887200.0;78641300.0;9188260.0
-12656300.0;80924200.0;3672010.0
6683320.0;69034700.0;-4044769.9999999995
-8172350.0;65920900.00000001;14992200.0
-5314260.0;70813800.0;-1049750.0
5640030.0;72147300.0;-7898900.0
-23727100.0;77652900.0;-9010050.0
-78249600.0;-180387000.0;15977600.000000002
8847340.0;36468800.0;10280900.0
-3226280.0;80035800.0;-9681850.0
-14645300.0;73500700.0;-8878750.0
1566700.0;74437400.0;-4138809.9999999995
-26513100.0;74647200.0;8229560.0
-5362600.0;77238900.0;6296130.0
-5345420.0;71714700.0;9998260.0
-14929100.0;73850600.0;-19397600.0
-24468300.0;70536900.0;-8405810.0
-26778900.0;74308000.0;5288440.0
-28797900.0;73415800.0;-13446700.0
6781230.0;68927400.0;-4013420.0
-12058500.0;75580900.0;-16990200.0
-28102500.0;40042800.0;2593070.0
-31154700.0;70603300.0;-10259300.0
-6178120.0;72558700.0;-16560400.0
-24115100.0;75569400.0;2802130.0
14561100.0;31919900.0;-29551200.0
-24904800.0;68316000.0;-12902800.0
-24687700.0;20609500.0;12932800.0
3739520.0;77287400.0;-923683.0
-25467000.0;73656300.0;-13754600.0
5312410.0;70748900.0;-8259590.000000001
-4771750.0;77987500.0;-3643700.0
-11431200.0;83325800.0;2905330.0
-21887400.0;49753800.0;16346200.000000002
-26300900.0;52761500.0;17821500.0
-22919900.0;84927900.0;-864868.0
-1773600.0;61285100.0;-4973960.0
-21900200.0;73628600.0;4870930.0
-16832300.0;69497300.0;-15531500.0
-13948600.0;63453499.99999999;-12256300.0
-8035159.999999999;63929299.99999999;14912500.0
-1654360.0;76557600.0;14520900.0
-24189800.0;60490600.0;18644700.0
-21518400.0;73710600.0;-8363660.0
-6023470.0;-9801050.0;18393900.0
-5325840.0;76538200.0;14392700.0
-722785.0;79639900.0;6471570.0
-23129300.0;74395200.0;-11521800.0
2416300.0;74802000.0;1660970.0
-4360520.0;75981200.0;11310100.0
-5711260.0;75888700.0;16852300.0
-23371100.0;71219800.0;-2434880.0
-11285000.0;75619000.0;-11223600.0
-23049700.0;71683000.0;7006710.0
-23974800.0;71656000.0;-5487690.0
-18521000.0;-26743600.0;8613280.0
6549960.0;71165600.0;2583300.0
6593790.0;69815900.0;-3116420.0
-4606580.0;80128300.0;2644330.0
-9081210.0;89116100.0;11058200.0
-22127700.0;74957800.0;4925170.0
-17099400.0;70827100.0;-15301400.0
3860870.0;72124100.0;-8129920.000000001
-13391000.0;75502100.0;-4250310.0
-19816400.0;73132800.0;-12260800.0
2417510.0;75617900.0;7344680.0
-2339810.0;64527500.0;-10924200.0
-25928400.0;73989000.0;-6746730.0
3854800.0;69735200.0;-5945580.0
-45174200.0;-18718300.0;-5828960.0
-5036690.0;67752000.0;-4752250.0
-11818600.0;75909100.0;-2199720.0
2230620.0;75570100.0;7139690.0
-23714600.0;73915100.0;-5618640.0
-26426900.0;76826500.0;7256080.0
4985900.0;71872100.0;333517.0
-1995240.0000000002;77011800.0;11553200.0
-23623200.0;72698100.0;396987.0
-19455700.0;79540200.0;18073700.0
-26755700.0;78251900.0;16258200.0
20738000.0;-175765000.0;23345700.0
-1268990.0;77899500.0;6690260.0
35000200.0;-101124000.0;7344730.0
-27090100.0;77635000.0;5364620.0
-24866400.0;73786900.0;14404900.0
4317660.0;56120800.0;-16856300.0
-9632640.0;75381300.0;19193900.0
8216780.0;3265890.0;25474600.0
-6520550.0;72390300.0;20231800.0
-9668970.0;81770200.0;18026200.0
-24643900.0;78941200.0;3359190.0
-7867229.999999999;74427800.0;11579500.0
-34526700.0;30649700.0;-33311900.0
-83193600.0;-154510000.0;2124610.0
-6740560.0;25350100.0;19890600.0
9135170.0;-20493100.0;-20563400.0
4658280.0;35007000.0;14311300.0
716368.0;69692800.0;15723600.0
-7961640.000000001;80217600.0;-4205290.0
-22469200.0;78785900.0;2507880.0
-26235900.0;77353900.0;-2788560.0
-27117600.0;79276800.0;5581620.0
1690390.0;-1176540.0;20792000.0
-5575390.0;73853100.0;13118600.0
6636820.0;68636200.0;1555120.0
-20554600.0;77364800.0;-7054640.0
-31493599.999999996;-1483560.0;18553900.0
3786050.0;69558500.0;-6230300.0
-5993100.0;74092800.0;16294600.0
-23166400.0;77130500.0;-3957900.0000000005
198073.0;41933800.0;25565700.0
-2207920.0;75739200.0;11048100.0
-19864100.0;78328500.0;17444700.0
-27083200.0;77363400.0;15535900.0
20176600.0;-171531000.0;24339300.0
-1307180.0;78286500.0;6638760.0
-13512500.0;-5178170.0;21692300.0
38648400.0;-134348000.0;-90125.7
-27479300.0;77033900.0;4911290.0
-25263500.0;73021000.0;13993500.0
3713540.0;51349900.0;-19775900.0
-10133300.0;73565500.0;18528000.0
-35109700.0;28794200.0;-34502200.0
-84537800.0;-158516000.0;1243470.0
-7025990.0;22913200.0;19242100.0
9645230.0;49480300.0;7108950.0
806141.0;69082100.0;15600400.0
-22845100.0;77218700.0;1629730.0
-22382200.0;77601600.0;6112330.0
-7952440.0;72959600.0;17364400.0
4204980.0;22875400.0;17400400.0
2251440.0;73328700.0;-2398980.0
138614.0;75104700.0;8492240.0
-15330700.0;77829200.0;2350860.0
-17307700.0;79700700.0;1682390.0
10100500.0;49752400.0;7308560.0
-9366180.0;81053600.0;3617610.0
-26016700.0;77359700.0;11496800.0
11488700.0;-142276000.0;24761700.0
-19217000.0;78990500.0;18510400.0
-2034960.0000000002;77201400.0;-8089170.0
-1087690.0;75249700.0;14368600.0
-17888000.0;78446000.0;5667230.0
-14415500.0;54097200.0;23049800.0
-21739900.0;79030600.0;16400600.000000002
-2371580.0;75485700.0;10422500.0
-18676400.0;26257300.0;15882700.0
773968.0;57851500.0;17938500.0
-8169420.0;52795700.0;22465300.0
-13484600.0;78124800.0;12807200.0
-23593800.0;29216900.0;20574600.0
-22857200.0;76864800.0;11821500.0
6811940.0;68596100.0;8722000.0
2234780.0;74376100.0;6035200.0
129399.00000000001;74862800.0;8077859.999999999
9362350.0;-7298980.0;28022200.0
1478370.0;55953400.0;27300600.0
-21774000.0;71240300.0;-16274799.999999998
-14160200.0;69511100.0;4839320.0
-14440300.0;80610200.0;12281800.0
-19209300.0;78514400.0;21359100.0
-4815190.0;47755800.0;10995900.0
-7073380.0;47699700.0;12135700.0
7932929.999999999;68435800.0;5651400.0
5293630.0;46016200.0;-3440290.0
-1066670.0;71444100.0;19666000.0
-19019900.0;75605000.0;-13361200.0
-5573000.0;55948600.0;22124800.0
-5801030.0;49875600.0;24536500.0
-9129730.0;42558100.0;22851700.0
20666900.0;-102799000.0;16611299.999999998
1777300.0;71467400.0;13507600.0
1725090.0;227802.0;18493900.0
-5096320.0;75748800.0;7763670.0
-18290500.0;74015400.0;17970900.0
-834311.0;65623000.0;17204200.0
-6509220.0;77254800.0;18337800.0
-14672700.0;37840200.0;19997300.0
-9824440.0;60213600.0;11463100.0
-18884700.0;67814000.0;-3698170.0
7397970.0;30787200.0;12332100.0
913332.0;62280900.0;20016900.0
-26620300.0;76919800.0;-2610540.0
2950270.0;66983000.0;7085130.0
3838740.0;54597800.0;16179800.000000002
5849760.0;-6143460.0;23110500.0
-25006200.0;76426100.0;-6601220.0
-14629000.0;52629700.0;16546300.0
9341980.0;4146210.0;22803100.0
-5349460.0;79899200.0;4326990.0
-9455710.0;82367100.0;11712100.0
-19099900.0;77425300.0;12618600.0
1150550.0;71242000.0;-5276970.0
-12914800.0;72854400.0;19219700.0
5228880.0;37225700.0;15648100.000000002
1087920.0;71375900.0;17679900.0
-18490100.0;79418100.0;3142800.0
-13847900.0;76833200.0;16771600.000000002
-2002219.9999999998;72675300.0;15960400.0
-9494820.0;81096300.0;2749410.0
-26774200.0;76753500.0;9643520.0
-3649080.0;78672000.0;-3936570.0000000005
-14337600.0;77499500.0;14573300.0
-20730700.0;71189600.0;20847400.0
-19103800.0;78014100.0;4405090.0
-1610090.0;77199700.0;11676300.0
30486400.0;-161341000.0;-40196500.0
-8916020.0;52126400.0;21672100.0
-23271600.0;77213900.0;11803600.0
3099800.0;76432200.0;7826090.000000001
-9607950.0;77339600.0;13173400.0
-5522370.0;49924500.0;13156000.0
-11903800.0;37642100.0;3404000.0
7543260.0;68737900.0;5428100.0
6997770.0;54311700.0;4431450.0
-1387490.0;71900300.0;19640600.0
-10024900.0;41308200.0;21494000.0
2004720.0000000002;72959700.0;14495000.0
-4700110.0;77572300.0;9503840.0
-3789920.0;62494700.0;17926000.0
-18134900.0;74958500.0;18458200.0
-1749550.0;64753900.0;15862200.0
-7262040.0;76562700.0;16801500.0
-11554300.0;44529100.0;23975900.0
13521700.0;-17261700.0;-5285120.0
7018410.0;30414000.0;11670000.0
859961.0;63000900.0;20133100.0
-26386200.0;77811400.0;-2152050.0
-25034400.0;74631600.0;16666100.0
3811210.0;55472200.0;16408099.999999998
4706120.0;-10742200.0;20863400.0
-24564900.0;77562000.0;-5772450.0
-5204130.0;80823800.0;4843400.0
-19808500.0;77216600.0;11738400.0
530832.0;70676400.0;-6717500.0
-23676900.0;29644000.0;20187400.0
-26293200.0;16716100.000000002;22965000.0
-2762020.0;25613600.0;14385200.0
17586900.0;-64936300.0;26747200.0
3392300.0;49578300.0;18678300.0
-8229429.999999999;78407500.0;18678400.0
6249310.0;77315800.0;29175300.0
-12762900.0;78294000.0;18553400.0
-15167200.0;38933900.0;18458200.0
21085.1;87751600.0;23763400.0
-22706400.0;64301100.0;-11149400.0
4481030.0;79757600.0;12256500.0
6005640.0;-35002200.0;26238000.0
-6507010.0;72901900.0;17129600.0
4464820.0;32891700.000000004;12119500.0
-913165.0;-11139000.0;22043100.0
-15709700.0;59269800.0;-46850000.0
5835620.0;76786300.0;11911400.0
-5485190.0;74225300.0;16104200.0
-6103360.0;79679900.0;15239600.0
-12594600.0;37922100.0;13484200.0
-25352500.0;79526100.0;5442870.0
5372960.0;58087700.0;8417350.0
1235630.0;77541900.0;10436900.0
-12386000.0;78164400.0;18692800.0
-24800600.0;27615700.0;18828900.0
-19090100.0;70715800.0;19570000.0
-16590700.0;80154000.0;16487300.0
4672650.0;-38381200.0;29015900.0
5910700.0;74117400.0;15349100.0
-14307200.0;42503500.0;12004600.0
22809100.0;-139607000.0;-3083940.0
1459.38;80845600.0;16082699.999999998
23454100.0;14721400.0;3216100.0
-1437270.0;-23432800.0;13592100.0
3733460.0;54755500.0;16658400.0
-57508900.0;-162331000.0;27124500.0
-5713660.0;47359700.0;13507000.0
-18976800.0;33019200.0;12160300.0
19176200.0;-170732000.0;26316900.0
-12265000.0;40380700.0;12502500.0
-3803210.0;77166200.0;-5712210.0
6843730.0;11190600.0;15763800.000000002
-1742610.0;73977700.0;17982100.0
-6560800.0;35339500.0;11843300.0
-6017800.0;58019300.0;12162000.0
-16657200.0;71827300.0;17743800.0
13291600.0;-130827000.0;24895000.0
-11767600.0;62644200.0;11471400.0
-1768340.0;61493400.0;6984720.0
-27479500.0;65550700.0;-171089.0
4476010.0;71012100.0;13730700.0
4611640.0;69675900.0;6504810.0
-2753420.0;32746400.000000004;9216290.0
-20214200.0;64666500.0;-4452110.0
-4975830.0;39248900.0;4753520.0
9635780.0;46535200.0;-667546.0
-8664170.0;38827700.0;7302290.0
-2505780.0;52782600.0;10609100.0
-17604700.0;64318799.99999999;9945500.0
-7466450.0;64590200.0;6470810.0
9429850.0;68047800.0;13050200.0
4057830.0;64517200.0;-8864740.0
7747960.0;34788100.0;605915.0
2381230.0;24081800.0;13720400.0
-11898100.0;69251200.0;9214110.0
-6983700.0;-159475000.0;23014300.0
-15959399.999999998;25075600.0;7796080.0
-7546270.0;68130600.0;7020190.0
-16661200.000000002;68684400.0;13290100.0
-27759200.0;47498300.0;-30957300.0
6015370.0;69932300.0;4706830.0
7619170.0;-46473300.0;18991000.0
-5040790.0;63115400.0;9857430.0
-15147800.0;-164080000.0;27571200.0
607966.0;-22192400.0;14774500.0
7478920.0;67100800.0;4597260.0
-3996490.0;64494300.00000001;8845980.0
-4729870.0;69882500.0;7761200.0
-11505500.0;27103900.0;5675590.0
2696140.0;67669700.0;2810390.0
5354330.0;53884300.0;8665300.0
-15369400.0;70380100.0;9065770.0
648113.0;69740500.0;6594530.0
25336000.0;4393880.0;-4079140.0
-56817300.0;-175573000.0;19767800.0
21241400.0;-177667000.0;20550500.0
-10390300.0;31254600.0;6067240.0
-4536750.0;47811100.0;4332840.0
-15056300.0;62211100.0;10532900.0
5636380.0;-113204000.0;16157999.999999998
-21997600.0;66405400.0;-2639650.0
-8526020.0;-155204000.0;25024900.0
5046600.0;64526700.00000001;-7785150.0
-24336800.0;60271400.0;-6720090.0
-19334500.0;68011000.0;4584610.0
-21219000.0;67125500.0;-7397860.0
814522.0;68127000.0;13775500.0
8073900.0;42887100.0;-41899500.0
-2141850.0;70470400.0;11028900.0
-1380310.0;13518100.0;12400700.0
-3785200.0;23496400.0;12683400.0
-8868510.0;40292700.0;8918830.0
-22682800.0;44081300.0;11732500.0
5930050.0;64824499.99999999;5726610.0
214969.0;69235300.0;6001270.0
-16918600.0;74598200.0;3137990.0
-17402100.0;71386200.0;13752200.0
-36487900.0;-184232000.0;25074600.0
-18792900.0;71670600.0;7213990.0
-20283600.0;65988099.99999999;12927300.0
-40582900.0;-112294000.0;15391900.0
-73115200.0;-178118000.0;17959500.0
-8772460.0;72436000.0;8970550.0
-22077300.0;64194500.0;11496800.0
-9643190.0;69746600.0;-1817960.0
-29885600.0;-14071000.0;14244300.0
-37524300.0;2117320.0;-2686680.0
-16123100.000000002;59845500.0;7241320.0
-31040400.0;66570599.99999999;4667560.0
-42691300.0;-23696100.0;-23868900.0
-27184600.0;60708800.0;8125429.999999999
-23215600.0;-137344.0;-5389920.0
-8704420.0;37731000.0;6538870.0
-10912700.0;28419600.0;7097120.0
-14039000.0;68535100.0;11698700.0
-31876599.999999996;-133806000.00000001;22080900.0
21432400.0;-176659000.0;19315700.0
-10045100.0;31136500.0;6607380.0
-17049200.0;71846800.0;-1854130.0
657770.0;65896700.0;12406800.0
-4224870.0;47046100.0;3452590.0
-18297800.0;68902100.0;-1058310.0
-14849700.0;61541300.0;9243650.0
1065120.0;31848000.0;3677900.0
6027270.0;-111891000.0;16446900.0
-21636400.0;66180000.0;-2795990.0
5352410.0;64124100.0;-8257880.0
-24525200.0;62300100.0;-5622380.0
-19068300.0;67292200.0;3613980.0
1155350.0;67621900.0;13137400.0
8253669.999999999;43479400.0;-40753400.0
3019040.0;41812700.0;7008560.0
-1365250.0;11444700.0;10557700.0
-9018150.0;38406900.0;6819290.0
5769360.0;64285300.0;4982610.0
-17185900.0;73335700.0;920139.0
-36962200.0;-190444000.0;23116400.0
-19030700.0;69848900.0;3958100.0
-20568400.0;64170900.0;10088500.0
-41486900.0;-121602000.0;11293600.0
-74221800.0;-183776000.0;15836800.000000002
-9937550.0;69008200.0;-3004890.0
-23606100.0;3304180.0;-2297840.0
-44363000.0;-168600000.0;9296980.0
5015290.0;-150575000.0;12600400.0
-40099200.0;-181048000.0;27726800.0
-3093610.0;8329730.000000001;14051100.0
-4882300.0;27413000.0;11441700.0
-8767810.0;70137800.0;-8067470.0
-21522700.0;67645800.0;16239799.999999998
-19678200.0;34012900.0;11905700.0
-18474000.0;40689000.0;18368400.0
-19801700.0;57527000.0;7326320.0
-26578200.0;46553000.0;1355590.0
-22680200.0;-6711160.0;-12426900.0
8841230.0;60873500.0;-1828640.0
-3123750.0;-1490260.0;19481600.0
-18429800.0;45781500.0;12213600.0
-16028000.0;23913800.0;3371720.0
-48802300.0;-179583000.0;-40301200.0
-16426500.0;46199400.0;14890100.0
-38297700.0;-121733000.0;21385300.0
5503430.0;55673800.0;-6449300.0
-29113800.0;15108300.0;-2501360.0
-526111.0;-163606000.0;23407500.0
-824385.0;58659100.0;15830600.0
-12842700.0;68224300.0;5577090.0
-18544200.0;42085000.0;11652300.0
-24543500.0;-109111000.0;28139100.0
-27660500.0;38645000.0;8778400.0
-58132900.0;-198018000.0;-24099200.0
-24593800.0;21686300.0;-1719690.0
-56752600.0;-184768000.0;26563100.0
-29757000.0;-57564700.0;25350100.0
-8129859.999999999;52505000.0;13546800.0
-13214000.0;56920300.0;7973180.0
-18485600.0;40617000.0;8603470.0
-13674700.0;42301100.0;13291200.0
-23969100.0;43460000.0;6763790.0
-6424360.0;39948800.0;7508370.0
-20956000.0;42569800.0;7690660.0
-21822200.0;66089800.00000001;-2592640.0
-24722000.0;62487900.0;-5429010.0
-18994600.0;66245399.99999999;1592830.0
-3169420.0;65974000.00000001;5848850.0
-9989550.0;52291400.0;-1047790.0
4031619.9999999995;51689700.0;9626260.0
-17627300.0;73622300.0;860068.0
-10760500.0;69761400.0;-1435840.0
-16386100.0;61759300.0;9139510.0
-24816300.0;4084929.9999999995;-3881030.0
-73658500.0;-181386000.0;29123900.0
12858300.0;2571670.0;-5430570.0
-40620900.0;-194603000.0;24098800.0
-3215200.0;7507000.0;13144000.0
-5044920.0;26813500.0;10614200.0
-9160770.0;70209800.0;-8069890.0
-29593300.0;45655500.0;1962680.0
44390600.0;-168524000.0;-24467700.0
-9420580.0;42917000.0;4585430.0
-20212000.0;57779600.0;7554380.0
-26980800.0;46735900.0;1429540.0
-22933500.0;-7715780.0;-13586900.0
8748840.0;60477700.0;-2801100.0
-18559000.0;44586100.0;10395100.0
-17705600.0;28554900.0;9298740.0
-49323100.0;-182458000.0;-41953900.0
-16485000.0;45005700.0;13092900.0
-38707800.0;-130613000.0;17717000.0
2933370.0;58503800.0;-400304.0
-595047.0;-172327000.0;20080000.0
1378790.0;54143200.0;8514410.0
-27989000.0;38186500.0;8086770.0
-25195000.0;23546000.0;1076340.0
-30086600.0;-57716200.0;25530600.0
-13109800.0;55937200.0;6111350.0
-3640740.0;34413900.0;9447280.0
-42733800.0;-122216000.0;10071400.0
-32635699.999999996;-34669900.0;18469700.0
1747070.0;-137834000.0;13925400.0
-26531800.0;32973400.0;-1871840.0
-18430000.0;-136303000.0;9267540.0
-30678500.0;-87811600.0;21066900.0
-22717700.0;41852300.0;2966970.0
-20584800.0;45119800.0;5034010.0
-75188100.0;-194995000.0;-6936450.0
-35840400.0;-23695800.0;2602690.0
-58144700.0;-194024000.0;16963000.0
-26059300.0;35871400.0;-3267610.0
-42565200.0;-106031000.0;4823890.0
-23803200.0;51584300.0;-10902100.0
-95180100.0;-182184000.0;5673400.0
3496790.0;6569050.0;16699700.000000002
-10724400.0;63150100.0;13468700.0
-23449900.0;-127385000.0;10819200.0
-29287400.0;56206200.0;-752142.0
-46722100.0;-157762000.0;11295800.0
-27958000.0;66871100.0;21902800.0
-29196400.0;43569900.0;-1355100.0
-28157800.0;61768000.0;-3183410.0
-48617000.0;-178739000.0;19272300.0
-6566420.0;39860600.0;6117480.0
-20632900.0;41454300.0;6147930.0
-26487400.0;5632160.0;-1575770.0
9447830.0;8153610.0;2461730.0
-13922100.0;33010100.0;3256350.0
-41030600.0;-186625000.0;28032600.0
-29845900.0;45631200.0;2017629.9999999998
-17259400.0;33803700.0;7519800.0
-26384100.0;45598500.0;-633287.0
-18073100.0;42743500.0;6976590.0
-37263800.0;-141461000.0;11560600.0
-29237800.0;14277100.0;-2468250.0
-793475.0;-174503000.0;19103600.0
6952050.0;47891100.0;-6350490.0
5730410.0;37700900.0;2927340.0
-17695500.0;37764400.0;4397670.0
-64557900.0;-189807000.0;16097600.0
-19644700.0;-71722100.0;-663833.0
-9244960.0;42268100.0;4343620.0
-25193500.0;22684000.0;960704.0
-3489290.0;33526800.000000004;8473080.0
-42884200.0;-121503000.0;10571900.0
-32767699.999999996;-34817700.0;18533500.0
1301210.0;-136615000.0;14643900.0
-26661700.0;32609800.0;-1691260.0
-27635000.0;5944620.0;-1633960.0
-18787100.0;-135083000.0;10049400.0
-30959800.0;-86526900.0;22013300.0
-20679500.0;44711800.0;4927770.0
-75259100.0;-194628000.0;-6675250.0
-35234200.0;-25826100.0;365068.0
-58260900.0;-191003000.0;18087700.0
-38391200.0;-186961000.0;25800800.0
-42464000.0;-106512000.0;4405490.0
-23681600.0;50919300.0;-11309200.0
-95122800.0;-180777000.0;6236050.0
4366420.0;5216230.0;15142700.0
-10277900.0;62443900.0;12395400.0
-28862900.0;55494900.0;-1972260.0
-27505700.0;66212099.99999999;20766400.0
-28670900.0;42694000.0;-2778920.0
-27748200.0;61100600.0;-4374440.0
-46920200.0;-188193000.0;14943900.0
-10372200.0;68148800.0;-7293970.0
-10113300.0;66890599.99999999;-2749250.0
-19845000.0;66431300.0;9352350.0
-41219100.0;-99245300.0;20117500.0
-5062430.0;56487200.0;16526599.999999998
-12674100.0;43385000.0;15563100.0
-23951400.0;60907100.0;6329720.0
-7440100.0;68757200.0;-2018100.0
-21165500.0;62280900.0;1180990.0
-26990100.0;56835200.0;1539570.0
-55015400.0;-67102400.00000001;28023400.0
-3764240.0;65151200.00000001;5154920.0
-19631600.0;67434900.0;-2797430.0
-22713100.0;60545600.0;-4718640.0
-38121700.0;-194376000.0;-34101300.0
-47758000.0;-176652000.0;-15654100.0
-90049500.0;-181480000.0;23943900.0
-3437620.0;62523200.0;7244320.0
-8696820.0;59868000.0;8728570.0
-29238800.0;56260600.0;2638610.0
-11360400.0;6727080.0;15812799.999999998
121448.0;62411200.0;9739370.0
-22237100.0;65252200.0;-11403600.0
-26841500.0;29640900.0;-3652580.0
-28316000.0;62951700.0;-2959570.0
-8983340.0;40789000.0;10561800.0
-17165900.0;35579100.0;21036600.0
2287980.0;50676800.0;-40815100.0
-10214600.0;42475900.0;12136200.0
-11927400.0;31158000.0;14252000.0
-26018300.0;5120130.0;-3767340.0
-18181900.0;37326100.0;10154400.0
-24321000.0;22273700.0;-924393.0
-25932100.0;31852500.0;-3480290.0
-28812700.0;36721600.0;-8768540.0
-33803300.0;-27045000.0;-2024440.0000000002
-58732300.0;-188852000.0;18920300.0
-6143860.0;56334100.0;17736200.0
-34933400.0;-38518600.0;-3526650.0
-95178400.0;-183867000.0;4734090.0
4874820.0;4544620.0;14340400.0
-9996830.0;62167600.0;11809100.0
-28370500.0;55013700.0;-3076110.0
-26951000.0;65771399.99999999;19713000.0
-27213700.0;60630600.0;-5563910.0
-46179800.0;-192204000.0;13141400.0
-10021200.0;67897800.0;-8010770.0
-15309100.0;47223300.0;13839800.0
-19881400.0;66405800.0;9222960.0
-6084160.0;57090400.0;17580800.0
-12054000.0;42837100.0;14549600.0
-23736800.0;60707300.0;5806350.0
-8131380.000000001;69137600.0;-1376430.0
-21539700.0;62533200.0;1452250.0
-55511200.0;-65290299.99999999;28747700.0
-4212760.0;65387500.0;5403020.0
-19577000.0;67536500.0;-2825270.0
-22620700.0;60614700.0;-4805710.0
-38206600.0;-193391000.0;-33674400.0
-47962100.0;-174941000.0;-14913000.0
-90067100.0;-179203000.0;24661900.0
-10098500.0;61180800.0;10592600.0
-29250700.0;56443800.0;2730240.0
-11822600.0;7581420.0;16439700.000000002
-220428.0;62583299.99999999;10345300.0
-20632500.0;63411300.00000001;-14135100.0
-58946000.0;-192852000.0;17259600.0
-10432200.0;54744000.0;-15197600.0
-29144500.0;63863900.0;-1128870.0
-34551000.0;-173316000.0;-20485400.0
-9349500.0;41137200.0;11253100.0
-10047600.0;25701400.0;11614500.0
-4273750.0;66158700.0;-11636600.0
-16964500.0;65802100.0;11086300.0
-26501600.0;7717620.0;-9835600.0
-4527760.0;-96936900.0;23850200.0
11479300.0;-23984500.0;9863460.0
-17749100.0;61493200.0;12208300.0
-23608700.0;63637900.0;7900269.999999999
-42659100.0;-18781300.0;2435950.0
-25086200.0;20824200.0;-1165820.0
-13114100.0;44259100.0;15686800.0
-34606700.0;-12185500.0;15945700.0
-19549400.0;61071300.0;6367690.0
-8311839.999999999;67073499.99999999;5397080.0
-2052200.0000000002;-185100000.0;17723700.0
-30382100.0;44286700.0;-1314780.0
-14426800.0;46065100.0;13175700.0
-22135500.0;68505000.0;12725600.0
-8730500.0;59659900.0;21254000.0
-11955400.0;42706800.0;14938600.0
-24767500.0;61783300.0;8075000.000000001
-9855390.0;70356400.0;1050620.0
-23123600.0;64095500.0;4378160.0
-25109800.0;53684100.0;-3088190.0
-5816460.0;66572599.99999999;7789330.0
-20230300.0;67972500.0;-1594800.0
-23780000.0;61617400.0;-2666000.0
-38853600.0;-190084000.0;-31833599.999999996
-48395900.0;-172450000.0;-13564100.0
-90150100.0;-176744000.0;25652000.0
-5688780.0;64353600.0;9617170.0
-11016900.0;61822600.0;11959700.0
-29828000.0;56970200.0;3916369.9999999995
-11907600.0;7606480.0;16710599.999999998
-20602700.0;63157500.00000001;-14100800.0
-59984600.0;-185084000.0;20003200.0
-11349900.0;55477600.0;-13729000.0
-29328200.0;63858700.00000001;-694676.0
-34937600.0;-172044000.0;-19719400.0
-10565100.0;42359300.0;12981500.0
-8515050.0;23355400.0;9634820.0
-5607660.0;67130200.0;-9529210.0
-17795600.0;66396600.0;12372400.0
-27421000.0;9259690.0;-7991490.0
-7809730.0;-88585500.0;27646800.0
10012600.0;-22012000.0;11533200.0
-19260800.0;62857899.99999999;14356700.0
-24713300.0;64586400.0;9655380.0
-11290900.0;41405400.0;13503500.0
-35848000.0;-9575550.0;18003400.0
-20892300.0;62314400.0;8356660.0
-1749630.0;60942200.0;-2402920.0
-19785700.0;70703100.0;8520780.0
-28397700.0;66106899.99999999;7571450.0
-15755600.000000002;69098000.0;12568000.0
-20660700.0;64307300.0;16728400.0
-29816900.0;43341700.0;-2609330.0
-29286300.0;33276800.000000004;91712.0
-16337000.0;64423800.0;15442300.0
-12949100.0;61230500.0;16880600.0
-11430900.0;-44717600.0;24585300.0
-12041300.0;55495400.0;16706300.0
-44591100.0;-117749000.0;20943700.0
-9083050.0;58983200.0;21235200.0
-29999200.0;59608500.0;4131150.0
-8683450.0;1534410.0;11977900.0
-22680400.0;65344500.0;-10505000.0
-17710000.0;66485800.0;12303800.0
-37478300.0;-6030840.0;20304200.0
-11524600.0;70774400.0;7071320.0
-40656100.0;4658970.0;11198500.0
-20838700.0;61870900.0;9041710.0
-29163300.0;57988400.0;-8738450.0
-115486.0;60121200.0;-5728930.0
-20766600.0;71512400.0;9936720.0
-21123500.0;64703200.0;17418300.0
-29798900.0;43333100.0;-2467490.0
19496700.0;-38137600.0;4514770.0
-15444200.0;63542400.0;14544200.0
-15290500.0;63476700.0;19562200.0
-15510600.0;-36093500.0;28582200.0
-35474600.0;26613900.0;6337030.0
-36329100.0;-33423099.999999996;1811300.0
-21092500.0;62903900.0;21163600.0
24027200.0;-96594600.0;22439900.0
-14825800.0;-123618000.0;28939600.0
-23350500.0;44177700.0;7682600.0
5248050.0;70040200.0;-2036000.0
-29675000.0;66858100.0;9001050.0
-22643000.0;37541800.0;5519100.0
-11022900.0;1664150.0;13859400.0
-17539500.0;69972300.0;8238469.999999999
3958940.0;7790590.0;23621200.0
165040.0;66768499.99999999;11523700.0
-29554400.0;49793300.0;981551.0
-17230200.0;22531500.0;16102200.0
-48424400.0;-86183100.0;3437290.0
-12624000.0;69378400.0;-13751300.0
-20956300.0;67827900.0;-6590160.0
-43872800.0;-116677000.0;-12303500.0
-28027000.0;73296900.0;9592670.0
-28631800.0;15678999.999999998;5672380.0
-31671699.999999996;46712600.0;-980594.9999999999
-26887900.0;62463100.0;-4415160.0
-26941100.0;63078899.99999999;370227.0
-13256400.0;-60814200.0;800936.0
-28687200.0;23429200.0;1392930.0
-49542300.0;-61922500.0;1658640.0
-49472500.0;-82707300.0;4741880.0
-41339500.0;-26235200.0;2249100.0
-39778800.0;-27769800.0;-4498750.0
-10021100.0;38913800.0;10533700.0
-15808099.999999998;63900900.0;14720800.0
-11924300.0;69184500.0;18243200.0
-36406200.0;-32783300.0;1993730.0
-19274400.0;61421000.0;19811000.0
-38091600.0;-69014200.0;-1954800.0
-23297300.0;44219500.0;7663730.0
5661130.0;69926100.0;-2383260.0
-29608200.0;66918300.0;8952950.0
-21938500.0;36733300.0;4740780.0
-15962000.0;68914700.0;6823330.0
-700468.0;67488000.0;12190000.0
-15754700.0;20597200.0;14980500.0
-47370800.0;-90401500.0;1966449.9999999998
-10134900.0;67551100.0;-16280200.000000002
-18527200.0;65827899.99999999;-9085640.0
-26184300.0;71772700.0;7890420.0
-26903400.0;12930300.0;3968140.0
-31046500.0;45926400.0;-1759680.0
-26752500.0;62318300.0;-4682120.0
-25115000.0;61348900.0;-1510890.0
-11016500.0;-65662000.0;-1147050.0
-48115200.0;-65910700.0;185735.0
-41854500.0;-24689700.0;2863460.0
-16939300.0;46831700.0;15150100.0
-15621900.0;-24039600.0;23972400.0
-27125300.0;51968800.0;2932050.0
-42240800.0;-34306500.0;2222960.0
-43380900.0;-56833000.0;-3645490.0
-21892900.0;45818000.0;16233200.0
-22732900.0;4846240.0;-6939900.0
-9415850.0;30014800.0;14437500.0
-18013300.0;59629900.0;16030500.0
-26637700.0;42554000.0;9301140.0
-8081250.0;67431300.0;-1772290.0
-42529100.0;-139203000.0;-13401300.0
-45618300.0;-58801300.0;4551560.0
-30607600.0;52576400.0;-1154680.0
-15383100.0;-165973000.0;25859200.0
-17508500.0;55719800.0;18416900.0
-28347700.0;54596300.0;639505.0
-14886400.0;595786.0;22211700.0
-45857100.0;-121386000.0;6794240.0
-25440100.0;42216600.0;1417880.0
-44254700.0;-86625700.0;9342050.0
-26461700.0;62175900.0;-4459410.0
-30274400.0;43842900.0;-5450130.0
-29021200.0;52554700.0;-6255180.0
-17317000.0;51532300.0;17586800.0
-25430700.0;64929299.99999999;7585960.0
-44170500.0;-124989000.0;-4691820.0
-21470700.0;44203600.0;14646600.0
-24609700.0;-99455300.0;-2725830.0
-14634800.0;70907500.0;9290240.0
-26567200.0;41220600.0;-4194930.0
-39091300.0;-17272500.0;-8018300.000000001
-26172700.0;61312700.0;-3641630.0
-12084600.0;6210880.0;13753700.0
-5112360.0;65691200.00000001;-4474000.0
-29377200.0;34703500.0;-835483.0
-12475900.0;61558000.0;12897900.0
-15465700.0;68650400.0;6560400.0
720251.0;66819900.0;11237300.0
-27194100.0;47247700.0;-1137580.0
-14192200.0;18948300.0;13895700.0
-18536500.0;65642500.00000001;-9172130.0
-29990000.0;44960100.0;-3353160.0
-15449600.0;60036800.0;-16557500.0
-25613200.0;61646200.0;-6321120.0
-13950300.0;-62611000.0;1801540.0
-47301400.0;-68399500.0;-779332.0
-41064100.0;-26481600.0;2027559.9999999998
-16170000.0;46015300.0;14586000.0
-46285700.0;-88814400.0;-2326130.0
-14819000.0;-25451600.0;23461400.0
-41553400.0;-36015400.0;1441870.0
-42323000.0;-59727900.0;-4868700.0
-21692600.0;45483000.0;15984100.000000002
-25632600.0;8641730.0;-4676450.0
-9315620.0;29716200.0;14216300.0
-8431650.0;67458000.0;-1733710.0
-42087000.0;-141244000.0;-14143100.0
-13676100.0;-171114000.0;24945900.0
-17886900.0;55750000.0;18405900.0
-15110600.0;495642.0;22125300.0
-45780400.0;-122492000.0;6427000.0
-25674500.0;42155200.0;1320940.0
-26787600.0;62180500.0;-4490560.0
-29629900.0;43072100.0;-6204040.0
-27736100.0;51481800.0;-7467180.0
-16433000.0;50749800.0;16965900.0
-23686700.0;63836599.99999999;6332960.0
-43726500.0;-126947000.0;-5378920.0
-19229300.0;42476100.0;13306000.0
-24045500.0;-101177000.0;-3376650.0
-17256500.0;-170933000.0;3647410.0
-13245600.0;70112600.0;8390280.0
-46054000.0;-100545000.0;-4242320.0
-36448200.0;-21462900.0;-10475200.0
-26133300.0;60929400.0;-4011469.9999999995
-12327500.0;5893140.0;13589600.0
-21716200.0;38043300.0;-1337780.0
-22136000.0;68515400.0;14119900.0
-14898900.0;73475200.0;2512880.0
-16384300.000000002;49816000.0;10920200.0
-18145100.0;41527000.0;11750500.0
-43005800.0;-95370800.0;-5893410.0
-40089000.0;-133665000.0;-8844540.0
-29177900.0;70295200.0;2673620.0
-5459970.0;53190100.0;-8954650.0
-20450400.0;-10953500.0;22289800.0
-37019900.0;-144116000.0;4389540.0
-23195200.0;65352200.0;-2602320.0
-32329900.0;-148197000.0;-28337800.0
-26343500.0;-165411000.0;-39886900.0
-26082800.0;-116038000.0;27119600.0
-26280900.0;44651200.0;-5070590.0
-36690000.0;-142820000.0;-9630180.0
-39004100.0;-115895000.0;20108300.0
-8717740.0;68935900.0;-11455700.0
-53778800.0;-170252000.0;-2143680.0
-16735700.0;69529800.0;14172100.0
-13793100.0;70325100.0;3212020.0
-14519800.0;63929100.0;-9808960.0
-20103700.0;31158400.0;12354100.0
-24988400.0;63216900.00000001;-3078260.0
-26997800.0;32825800.000000004;-2514720.0
-11457400.0;61584500.0;12496100.0
-23998100.0;45412800.0;-2753050.0
-25996200.0;42287200.0;-5510610.0
-13890900.0;-64522700.0;1873910.0
-15647800.0;45811000.0;14270000.0
-38926900.0;-40527800.0;152346.0
-35394900.0;-71096200.0;-9544520.0
-27342200.0;9140090.0;-3986590.0
-15850600.0;35816200.0;3197170.0
-41807600.0;-139486000.0;-2701380.0
-36587400.0;-75235800.0;-2378340.0
-12380800.0;25993800.0;11014000.0
-42117200.0;-168502000.0;-5152410.0
-28735600.0;42479400.0;-6996390.0
-26457200.0;50824400.0;-8306390.0
-16527799.999999998;50602500.0;16902700.0
-42885800.0;-129282000.00000001;-6180770.0
-18024100.0;41748600.0;12595900.0
-23194500.0;-102907000.0;-4040130.0000000005
-15839700.000000002;-174414000.0;2773320.0
-11837300.0;69699600.0;7570950.0
-25052100.0;39853800.0;-5668810.0
-44271200.0;-104529000.0;-5701620.0
-34690600.0;-23470800.0;-11728300.0
-24813200.0;60372900.0;-5015450.0
-10670200.0;4534320.0;12752100.0
-19933300.0;37056700.0;-2328680.0
-21237100.0;68121600.0;13502700.0
-18983500.0;41805500.0;11668100.0
-38118400.0;-138633000.0;-10298000.0
-27976500.0;69777800.0;1782690.0
-33207100.000000004;-152270000.0;2843860.0
-18919700.0;-180689000.0;-44803500.0
-22393200.0;42493800.0;-6870520.0
-37759600.0;-118785000.0;19525100.0
-51808100.0;-175921000.0;-3270490.0
-12274400.0;62955399.99999999;-10997900.0
-18020800.0;29688200.0;11550900.0
-19908300.0;5619080.0;-6683320.0
-25117000.0;69264400.0;3873180.0
-35627000.0;-147313000.0;1961060.0000000002
-16448299.999999998;51874500.0;-17398700.0
-13239000.0;64570400.0;-14144300.0
-28895400.0;-74839900.0;6543310.0
-22205700.0;64657099.99999999;13730500.0
-18110600.0;-58136800.0;3647220.0
-31769500.0;-139455000.0;26024800.0
-28210600.0;51911100.0;-7581710.0
-20609200.0;52548300.0;17647300.0
-23298300.0;-161513000.0;5290810.0
-14245900.0;70571300.0;8510150.0
-23432200.0;31462400.0;-4296950.0
-42221600.0;-114384000.0;2688210.0
-43760500.0;-116914000.0;-1397590.0
-23900300.0;53120200.0;12428600.0
-24998900.0;44730400.0;12843900.0
-22597000.0;61014400.0;-4585540.0
-14667800.0;67030900.00000001;-12829000.0
-35655100.0;-146911000.0;4028930.0
-20875200.0;-176296000.0;-43138600.0
-23888300.0;43360500.0;-6003870.0
-41067900.0;-112599000.0;20486300.0
-13342700.0;70164900.0;-10614400.0
-54552900.0;-168732000.0;-1767250.0
-15859499.999999998;64357700.00000001;-9454790.0
-24539900.0;58968600.0;-11268900.0
-22427700.0;32422200.0;12746200.0
-23405800.0;8381939.999999999;-5185330.0
-29396300.0;70930100.0;5170070.0
-19429400.0;53316300.0;-15784200.000000002
-16357700.0;65839400.00000001;-12697600.0
-31517600.0;-71471200.0;7238620.0
-22567200.0;73966300.0;15356700.0
-20320300.0;72896900.0;9995200.0
-7977210.0;71567800.0;6608980.0
-31639800.000000004;73197500.0;2138290.0
-20346000.0;63172800.0;-16732200.0
-11015200.0;71797600.0;-361798.0
-24235200.0;60399600.0;-11389100.0
-22273200.0;58078800.0;10376900.0
-34351900.0;-145756000.0;19128400.0
-20057600.0;52702500.0;-3350700.0
-24032500.0;50032000.0;-4322390.0
-21541800.0;72321600.0;-6991740.0
-33177199.999999996;68088200.0;5793800.0
-9981520.0;56813900.0;3985990.0
-23116500.0;21818500.0;-15568200.0
-25424700.0;-10707700.0;-30127700.0
-49963800.0;6112990.0;-31960500.000000004
-42140200.0;68972500.0;2362370.0
-21108000.0;45343500.0;10023900.0
-29797500.0;72506100.0;-5543870.0
11374300.0;-11147000.0;-9274420.0
-29426500.0;68020100.0;-3623980.0
-27000500.0;53972400.0;12077800.0
-20347300.0;62476700.0;-16871500.0
-134096.0;44061800.0;-19564800.0
-20820900.0;65354899.99999999;13849800.0
-17763400.0;-61235200.0;4065890.0
-28611900.0;46292300.0;11955000.0
-30871300.0;65981399.99999999;-5547400.0
-34557300.0;-139840000.0;-10529100.0
-27427400.0;34402800.0;11633600.0
-31820300.000000004;71802500.0;4659780.0
-22700700.0;10219700.0;15703600.000000002
-17334400.0;66210800.0;-12825000.0
-24093500.0;74459900.0;14912300.0
-21380600.0;73220900.0;9676920.0
-11176400.0;72623500.0;6054240.0
-21234200.0;63483800.00000001;-16874700.0
-22291600.0;59451300.0;-11484000.0
-26941900.0;59736600.0;9215100.0
-34632500.0;-145334000.0;18921500.0
-21546500.0;53360200.0;-3636530.0
-23308900.0;72917000.0;-7271150.0
-33485000.0;68145700.0;5608900.0
-24573700.0;22742400.0;-15743600.0
-50420500.0;6447950.0;-32053000.0
-27211400.0;48523100.0;8682240.0
-32776700.0;73607100.0;-6008990.0
-8763640.0;3474680.0;-10856500.0
-27551200.0;54178300.0;12117500.0
-22874500.0;63505099.99999999;-16914500.0
-26358500.0;66785700.0;-9863740.0
-44841600.0;-115236000.0;14954100.0
-46963500.0;-184358000.0;-16227599.999999998
-20541200.0;45345700.0;-15526000.0
-41362600.0;-75599100.0;-19034800.0
-23339900.0;-189765000.0;-26274200.0
19668900.0;-169688000.0;-39435100.0
-35483700.0;69413000.0;4740250.0
-28799600.0;-146328000.0;4567340.0
-16216000.000000002;68134200.0;-13472300.0
-13818000.0;71710100.0;15349700.0
-21786600.0;51954900.0;-12204300.0
-30715600.0;-175943000.0;-35301200.0
-21099700.0;20275000.0;-16339099.999999998
-26714700.0;35620200.0;5436550.0
-27837600.0;16100000.0;5954790.0
-35066400.0;-107301000.0;-14364700.0
-30975800.0;61136600.0;16541100.0
-54250500.0;-167798000.0;-18730900.0
-33029000.000000004;57816400.0;6185710.0
-42839500.0;-113159000.0;9339610.0
-36025400.0;-91889200.0;-14878900.0
-26401100.0;68813500.0;-17601700.0
-32112099.999999996;63616500.00000001;7075550.0
-19452100.0;59127600.0;8341420.0
-19489700.0;-182386000.0;-354951.0
-20004800.0;65790299.99999999;14396300.0
-12664700.0;-71514000.0;7141790.0
-30328900.0;46709800.0;11524000.0
-17690900.0;41449800.0;-5712970.0
-23446000.0;-155987000.0;-8828150.0
-27793900.0;34405300.0;11719200.0
-26640800.0;12473400.0;14506900.0
-20837700.0;58603800.0;-11059300.0
-29485300.0;60453500.0;8414350.0
-5317260.0;-30076200.0;-29951100.0
-32210799.999999996;63925200.0;3577330.0
-29138300.0;49432000.0;8060770.0
-25550300.0;43099700.0;6099620.0
-25673500.0;53399800.0;13014600.0
-22772700.0;63579899.99999999;-16891800.0
-26184900.0;66665100.00000001;-9757830.0
-16886600.0;50507000.0;-4975070.0
-20980600.0;45476500.0;-15576300.0
18906900.0;-168702000.0;-39464300.0
-36744800.0;69494200.0;4352230.0
-14146700.0;67744900.0;-12987700.0
-21817100.0;51808900.0;-12156200.0
-31002800.0;-175583000.0;-35310600.0
-21326800.0;20254000.0;-16335100.000000002
-27654100.0;15786399.999999998;6087260.0
-34074700.0;-108960000.0;-14063600.0
-29621200.0;60382500.0;17231400.0
-52251700.0;-172124000.0;-18077300.0
-30872300.0;56700600.0;7287720.0
-46239800.0;-107345000.0;7645130.0
-18002000.0;58416800.0;9075640.0
-16207600.0;43430600.0;-14236100.0
-13906500.0;36104800.0;-13512100.0
-24660100.0;70888800.0;-11007900.0
-11632100.0;27486400.0;5283520.0
-30220400.0;37737400.0;3830310.0
-11135900.0;38476900.0;-13920600.0
-40872100.0;-19753000.0;16173300.000000002
-27194000.0;-183319000.0;-26794700.0
-29227400.0;48843100.0;8110950.0
-43819100.0;-112491000.0;3923819.9999999995
-26254700.0;63512299.99999999;3800310.0
-21177800.0;75210700.0;8818690.0
-20692800.0;67295700.0;-2148190.0
-27553400.0;-45721500.0;12491600.0
-37679400.0;-105284000.0;-2234070.0
-32414000.0;44646300.0;3510400.0
-33932400.0;70403200.0;-6593700.0
-23357700.0;69054100.0;-13935100.0
-25216500.0;-71494600.0;-27659900.0
-21703900.0;-110788000.0;-1977590.0
-29279400.0;45692200.0;13593000.0
-13671200.0;53745000.0;5786820.0
-41508200.0;-137565000.0;11353200.0
-31315400.0;67794000.0;2988490.0
-33435300.0;62924200.0;1087030.0
-32066900.000000004;-170587000.0;-28284000.0
-20990400.0;46865100.0;-16191600.0
-16969000.0;65773899.99999999;-13633000.0
-29948800.0;15607800.0;22068600.0
-30613300.0;70962500.0;-1374580.0
-25426000.0;-156006000.0;-34871300.0
-26043600.0;-76805700.0;-9489080.0
17320500.0;55731800.0;22927900.0
-29222200.0;70351000.0;9078130.0
-14772900.0;-67210600.0;6457950.0
-33750500.0;48189600.0;9643770.0
-17670600.0;41874200.0;-5446870.0
-30194400.0;36134100.0;10294500.0
-16046800.0;34075600.0;-12357000.0
-28205300.0;12856500.0;13609400.0
-30787100.0;50051300.0;7347790.0
-11474600.0;13879400.0;-13901400.0
-21849200.0;63404699.99999999;-16608999.999999998
-15297600.0;38191400.0;-11216000.0
-16595100.000000002;50968000.0;-4756520.0
-27103100.0;73492500.0;-3471700.0
-10484100.0;66439100.0;-11666400.0
-46697000.0;-125939000.0;6596900.0
-49483400.0;-179867000.0;-16460200.000000002
-46904800.0;-106389000.0;7403340.0
-18393000.0;65694400.0;-15030300.0
-17922100.0;58345800.0;9192210.0
-19897800.0;41925300.0;-2706700.0
-17208100.0;43903400.0;-14516400.0
-14938500.0;36626200.0;-13801700.0
-12524600.0;27965700.0;4964350.0
-51344300.0;-103422000.0;-1562670.0
-23830500.0;73713000.0;-10198300.0
-12383700.0;39114000.0;-14291300.0
-41582600.0;-19117300.0;15834100.0
-27947800.0;-182017000.0;-26937200.0
-29803800.0;49053900.0;7889890.0
-26745200.0;63638700.00000001;3638790.0
-23194700.0;68286300.0;-3234610.0
-34616400.0;-111748000.0;-479038.0
-30801600.0;43490500.0;4434710.0
-24042800.0;-73354500.0;-27323100.0
-20140700.0;-113684000.0;-1209960.0
-27486400.0;44456100.0;14750900.0
-11843900.0;52740700.0;6715930.0
-30518000.0;67398300.0;3386420.0
-29529600.0;-176999000.0;-27365400.0
-17353100.0;65970500.0;-13923000.0
-29914200.0;70635400.0;-1067450.0
-19183500.0;-170593000.0;-32961200.000000004
-33072699.999999996;59460900.0;8800850.0
-32609000.0;62599800.0;6226200.0
-24802400.0;75574500.0;1204610.0
-997972.0;-173845000.0;-24938500.0
-25011300.0;-123561000.0;-7993040.0
-18678100.0;64330600.0;17296700.0
-17364500.0;2191590.0;21954100.0
-22862400.0;-111624000.0;-22128700.0
-28199700.0;73799900.0;-19243700.0
-30750400.0;-45080200.0;27104900.0
-35714500.0;-33660700.0;11117800.0
-26633900.0;47634900.0;5107600.0
-64726300.0;-171407000.0;-15295500.0
-21983300.0;11014600.0;6568190.0
-16065800.000000002;36336500.0;-10750700.0
-12522500.0;55126600.0;-15701500.0
-28857900.0;63237500.0;4556180.0
-25350000.0;23828000.0;9222430.0
-19914100.0;29501100.0;8245320.0
-18047500.0;22070300.0;28196000.0
-26779800.0;43392000.0;15369200.0
-42713000.0;-199668000.0;-11147700.0
-41656000.0;37885600.0;8970960.0
-31155000.0;44170900.0;10394000.0
-22184400.0;48518200.0;5493860.0
-18103800.0;40229000.0;4878000.0
-99223000.0;-182426000.0;15439700.0
-15482600.0;69064600.0;-13851200.0
42761100.0;-60726900.0;-7456350.0
-16460099.999999998;17316900.0;-16716900.0
-30089900.0;-26160000.0;10108600.0
-38899000.0;-137334000.0;1926410.0
-16778500.0;65433700.0;-13399700.0
-7768770.0;33970700.0;-9778190.0
-88340700.0;-177115000.0;-15155600.0
-1690770.0;-113148000.0;-23125200.0
-56849200.0;-159240000.0;-24609000.0
-21540000.0;65667000.0;13966700.0
5036010.0;-87023200.0;20635700.0
-28279100.0;33616000.0;11690400.0
-5458990.0;-9141620.0;29690400.0
-6315810.0;10114100.0;-11704800.0
-13164900.0;34407600.0;14746200.0
-22316300.0;63925800.00000001;-16921100.0
-15389400.0;49651700.0;-4567080.0
-26089400.0;73359900.0;-3082910.0
-11036200.0;67240400.0;-11793300.0
-42803400.0;-136047000.0;9536470.0
-21681000.0;57072300.0;14337100.0
-51215300.0;-147326000.0;-1326240.0
-28575500.0;48215800.0;8660540.0
-47273400.0;-104116000.0;1655770.0
-26727700.0;-12595700.0;6136190.0
-33323400.000000004;-115916000.0;323586.0
-30174500.0;42977600.0;4765770.0
-18772900.0;-116374000.0;-556938.0
-26575100.0;43758400.0;15327200.0
-12171300.0;52876900.0;6478530.0
-29314500.0;66754400.00000001;4075670.0
-25917100.0;58857700.0;6186610.0
-28189500.0;-180671000.0;-26983900.0
-15019100.0;43424200.0;-13466000.0
-30904000.0;66235800.0;-2317270.0
-15930199.999999998;65280400.0;-13393900.0
-28666500.0;70010500.0;-405561.0
-16754100.000000002;-176476000.0;-32337699.999999996
-31589399.999999996;58605300.0;9794700.0
-31095800.0;61775600.0;7201480.0
-22959800.0;74846500.0;2258810.0
-22036300.0;65934700.0;14545400.0
-20520900.0;5153720.0;19270900.0
-20906000.0;-115445000.0;-21416200.0
-24671400.0;72294500.0;-17615300.0
-29304200.0;-47212300.0;28260600.0
-25595200.0;46987300.0;5624900.0
-20471800.0;9651940.0;7423260.0
-23568200.0;22368500.0;10360000.0
-30272800.0;45707100.0;12107500.0
-42988800.0;-198892000.0;-11668700.0
-31194000.0;44206000.0;10139000.0
-18532000.0;40519900.0;4318940.0
-99302200.0;-182610000.0;15282200.0
-15247800.0;69007000.0;-13955100.0
-11407400.0;13278500.0;-13952400.0
-38873800.0;-137578000.0;1797040.0
-16732100.0;65467100.0;-13543600.0
-7766020.0;33997300.0;-9953100.0
-88235600.0;-178090000.0;-15123100.0
-672738.0;-114854000.0;-22780100.0
-31918500.000000004;-10960400.0;5735360.0
-17565500.0;41397600.0;-1322790.0
-2667870.0;-143662000.0;-24735000.0
46263700.0;-186270000.0;-28942800.0
-34238300.0;-185367000.0;10273700.0
1478250.0;-179235000.0;-23591700.0
-21714000.0;-56694200.0;-19751600.0
-61314500.0;-183814000.0;-12482600.0
-23074600.0;39735400.0;4150659.9999999995
-18256400.0;45058800.0;4500550.0
-24442300.0;63211000.0;-13395000.0
-69433000.0;-194029000.0;-40975000.0
-14896500.0;50253600.0;-3605060.0
-13078000.0;48661100.0;-14939300.0
-1786130.0;67917400.0;-9609140.0
-27297300.0;-184427000.0;-25554600.0
-30617000.0;-164276000.0;12788900.0
-19896100.0;-57585600.0;-19445200.0
-85072500.0;-189344000.0;-10533200.0
-63532500.00000001;-185545000.0;-35883400.0
-11257700.0;65861900.0;-7528370.0
-8963250.0;61544300.0;-6392780.0
-12221000.0;53430200.0;-11199600.0
-34557400.0;44546800.0;-3452020.0
-23584100.0;22206300.0;10202500.0
-19106600.0;48728700.0;9219790.0
-22323700.0;40669200.0;5541790.0
-26584200.0;-131091000.00000001;-17893000.0
-43264700.0;-127794999.99999999;14622300.0
-23782200.0;-172812000.0;-11721500.0
-9261920.0;29698500.0;-8583540.0
3686890.0;-23022500.0;-32385200.000000004
-14289100.0;-67896700.0;7429050.0
-16511999.999999998;42066200.0;-5033460.0
-29387200.0;35070100.0;10354500.0
-12759000.0;33447100.0;-11037400.0
-8277980.000000001;42887200.0;-10360600.0
-27495700.0;73546400.0;-4168280.0
-20000900.0;69896700.0;-10407300.0
-30701200.0;49570000.0;6733180.0
-15177000.0;63018300.0;3671720.0
-12003900.0;50992300.0;7085360.0
-29298800.0;66516900.00000001;4216160.0
-29573300.0;-176401000.0;-28074500.0
-23597800.0;64435000.00000001;-2953430.0
-30725700.0;70744200.0;-1896840.0
-14949700.0;-180890000.0;-31308200.0
-17771400.0;42032700.0;-14188900.0
-25146700.0;67049500.0;11409600.0
-24138900.0;6810980.0;16549700.0
-23099400.0;72182400.0;-16723200.0
-14594300.0;35673900.0;-10282900.0
-24975900.0;23644900.0;9047190.0
-20183300.0;30276300.0;7457890.0
-32025500.0;46738200.0;10056300.0
-51413800.0;-173088000.0;-19194700.0
-31657300.0;44478600.0;9708640.0
-19488900.0;41092400.0;3580380.0
-99708700.0;-179652000.0;14166600.0
9014370.0;-30002200.0;-25464700.0
-11066800.0;12989900.0;-13747300.0
-39926400.0;-134912000.0;738283.0
-17753900.0;65923300.00000001;-14234400.0
-8901190.0;34739500.0;-10702200.0
-88572500.0;-175962000.0;-15747200.0
-1902180.0;-112753000.0;-23462200.0
-33275800.0;-9368490.0;4446350.0
44900500.0;-184031000.0;-29469400.0
152143.0;-176489000.0;-24325900.0
-62201800.0;-180730000.0;-13443100.0
-19606400.0;45960000.0;3379120.0
-72282300.0;-182581000.0;-43619500.0
-15969400.000000002;50919500.0;-4385870.0
-12960800.0;48548000.0;-14642800.0
-2146800.0;68153800.0;-9759820.0
-28100700.0;-182310000.0;-26116600.0
-12331600.0;-100088000.0;-22202000.0
-31756500.0;-161400000.0;11567000.0
-21049000.0;-55828800.0;-20288600.0
-86187000.0;-184305000.0;-12297700.0
-64686900.00000001;-181524000.0;-36911600.0
-14533900.0;67638600.0;-10372300.0
-35587600.0;45397600.0;-4299280.0
-24437400.0;22984900.0;9572100.0
-20136500.0;49461800.0;8416320.0
-21721600.0;40200700.0;6657930.0
-44748500.0;-124253000.0;12855900.0
-25043200.0;-169893000.0;-12649100.0
-29974400.0;36183300.0;9849200.0
-7957930.0;-104751000.0;-23910000.0
-19517200.0;-46878300.0;-8209400.0
-22129300.0;65043599.99999999;-5588990.0
-14884400.0;33599900.0;2884410.0
-24286300.0;-121566000.0;-12700000.0
-23775000.0;-146249000.0;-14599800.0
-23690300.0;-104723000.0;-14319600.0
-77147600.0;-180292000.0;-13721600.0
-18523300.0;-167897000.0;212552.0
-80446000.0;-180087000.0;18953500.0
-37724500.0;-17331600.0;312247.0
-77455300.0;-175163000.0;-3333780.0
-25462800.0;57221000.0;8170380.0
-8108070.0;-135336000.0;-19256700.0
-52096400.0;27886700.0;-6932540.0
-4135040.0000000005;-101488000.0;-24165400.0
-11120000.0;67259300.0;-12769000.0
-12454100.0;31912500.000000004;-11512800.0
-18177100.0;-64899799.99999999;4767790.0
-29711200.0;34907300.0;10115200.0
-12781300.0;33893100.0;-11103800.0
-20166300.0;69935700.0;-10057300.0
-9801390.0;-92230500.0;-18191600.0
-27332400.0;59623600.0;5164050.0
-25798000.0;65224500.00000001;-5388960.0
-33017800.0;71946700.0;-4977080.0
-18826000.0;-136326000.0;-4878610.0
-28347300.0;69378600.0;6244250.0
-24700000.0;4585450.0;17429100.0
-25387500.0;63245800.00000001;2394540.0
-15479800.0;70791300.0;-13883200.0
-9621770.0;13101800.0;-12375800.0
-32573199.999999996;63843899.99999999;5379020.0
-47231700.0;-184848000.0;-16331800.0
249669.0;-146737000.0;-22423200.0
45136300.0;-184631000.0;-28983300.0
-702006.0;-174061000.0;-25056800.0
-21882700.0;-54127700.0;-19922900.0
-61842800.0;-182359000.0;-12679400.0
-73152400.0;-181315000.0;-44144200.0
-16986500.0;51241800.0;-5214360.0
-29162100.0;-179856000.0;-26865700.0
-15034900.0;-97766200.0;-23991000.0
-32134500.000000004;-160789000.0;11308600.0
-21468100.0;-55400300.0;-20490600.0
-86836100.0;-181464000.0;-13338700.0
-15591000.0;68038100.0;-11187400.0
-14886300.0;-121825000.0;-27266600.0
-6263670.0;-99023300.0;-30886300.0
-36125200.0;45647000.0;-4706620.0
-21441600.0;39786200.0;7238680.0
-25718200.0;-168629000.0;-13121200.0
34628900.0;-56981600.0;-4366770.0
-8746360.0;-103759000.0;-24383100.0
-20704000.0;-45476500.0;-9287860.0
-21961100.0;64723800.0;-5069480.0
-14184800.0;32778099.999999996;4055320.0000000005
-25652800.0;-119065000.0;-14099300.0
-77258200.0;-180754000.0;-13359800.0
-25266300.0;-151489000.0;-8564270.0
-80029000.0;-182873000.0;20566600.0
-38123000.0;-17114000.0;282276.0
-77152700.0;-177163000.0;-2322810.0
-8376520.0;-134912000.0;-19596900.0
-842381.0;-107825000.0;-20132100.0
11941400.0;-158539000.0;-19215200.0
-9823130.0;66477700.0;-11029500.0
-75482400.0;-154441000.0;-41831700.0
-28749100.0;-91304400.0;13769200.0
-30070800.0;-131498000.0;-11318700.0
-60230900.0;-196477000.0;-5239370.0
-41713500.0;-137467000.0;-7966080.0
-30869000.0;-175013000.0;6862990.0
-23292200.0;65368399.99999999;-15795400.000000002
-6174870.0;-110734000.0;-22042400.0
-19847700.0;48358800.0;9716540.0
-23933300.0;32520900.0;2113830.0
-37872200.0;-18353000.0;1377110.0
-19452100.0;-191550000.0;-22868100.0
-13747000.0;70512400.0;-10240600.0
-1674960.0;-57499200.0;-21090200.0
-31612300.000000004;-150136000.0;3648000.0
-14981500.0;52852600.0;23273400.0
-48218000.0;-183906000.0;-17473100.0
-22152700.0;-2673770.0;24844800.0
-32289100.0;65247700.00000001;228679.0
-25681600.0;69952700.0;-3539480.0
1268020.0;66768300.0;-1090070.0
-15681299.999999998;-181509000.0;-31476100.0
18460600.0;-29381900.0;-9461520.0
-11816200.0;32162400.0;-11374100.0
-31394100.0;76503400.0;-11459300.0
-14601700.0;50327300.0;5713910.0
-22268300.0;64654699.99999999;-14722500.0
-20929500.0;70615000.0;-11788200.0
-32400100.0;71116200.0;-3774900.0
5647560.0;-185986000.0;-49363000.0
-27171200.0;68862000.0;8137860.0
-37753300.0;21269500.0;-5719340.0
-24134100.0;62375500.0;4344880.0
-99680700.0;-183532000.0;16847000.0
-5988150.0;9727690.0;-7261970.0
-2126460.0;68440500.0;-8882220.0
-86725700.0;-183709000.0;-12286600.0
-16136999.999999998;68294100.0;-12003500.0
-27250200.0;24976900.0;5570370.0
-23746000.0;42480000.0;2563900.0
-16925300.0;25768400.0;14299400.0
-4183499.9999999995;-112668000.0;-18372400.0
-16693800.000000002;61442800.0;3125410.0
-24797700.0;-153279000.0;-8706320.0
-79704300.0;-185039000.0;21969100.0
-37228900.0;-18609800.0;1967979.9999999998
-29279300.0;-75964500.0;-18256100.0
-76517100.0;-180874000.0;-213570.0
-28501900.0;59550400.0;2945290.0
-9787990.0;-130588000.00000001;-21601900.0
147952.0;-109625000.0;-18856000.0
-9442670.0;66272300.00000001;-10545900.0
-28198500.0;-92316600.0;14740400.0
-29594700.0;-132507999.99999999;-10541400.0
-60433900.0;-194490000.0;-6095220.0
-39693000.0;-144038000.0;-3815810.0
-33015500.000000004;-166953000.0;2285040.0
-22503100.0;64750400.0;-14700400.0
-4130370.0000000005;-114989000.0;-19288500.0
-21936400.0;30301800.0;5586960.0
-19435900.0;-191656000.0;-22591400.0
-13630600.0;70363100.0;-9876150.0
-48417300.0;-182939000.0;-17731000.0
-22301400.0;-2469570.0;24697900.0
-31375200.0;64560599.99999999;1870080.0
-24674200.0;69256000.0;-1827220.0
-14716400.0;-183876000.0;-30134500.0
-30492100.0;75919200.0;-9952160.0
-14791300.0;50878500.0;4805260.0
-10313000.0;-190055000.0;-48655600.0
-1370860.0;60394200.0;-3322070.0
17833500.0;-190969000.0;-9257500.0
-3658510.0;-141228000.0;-14224200.0
-30127500.0;63532700.0;-9226050.0
-40188300.0;-84011200.0;-11541300.0
-2820800.0;69413800.0;-9623020.0
-8384450.0;31086500.0;-1620570.0
-15455700.0;-175501000.0;-35332500.0
-4798910.0;-171371000.0;-10665600.0
-24957700.0;64513100.00000001;24626000.0
-33958600.0;45912800.0;8495800.0
-8037789.999999999;11846000.0;-9818580.0
-87402900.0;-177228000.0;-15573600.0
-30121800.0;27976500.0;-229424.0
-25526700.0;44242400.0;-1939030.0
-48328100.0;-117457000.0;3517090.0
-18457700.0;38431800.0;-4447890.0
-2367340.0;-82603800.0;-22555900.0
-80573900.0;-178700000.0;18139300.0
-30177100.0;60466200.0;-569757.0
-34463200.0;-193078000.0;7203570.0
-11031200.0;-127966000.0;-23436000.0
-9840480.0;71795900.0;-11987800.0
-41190200.0;-141811000.0;-5626790.0
-35005600.0;-158155000.0;-2037330.0
-6070450.0;-111244000.0;-21409100.0
-25561400.0;54097700.0;-3984710.0
-24940200.0;32776100.000000004;-601042.0
-15745200.0;71614300.0;-12979300.0
-826985.0;-105944000.0;-19623700.0
-31182600.0;-155931000.0;7012320.0
-49405700.0;-178615000.0;-19548700.0
-9777610.0;-164224000.0;-20616900.0
-33311599.999999996;66111000.0;-1873950.0
-9616140.0;38041300.0;-10303700.0
-27163700.0;71132000.0;-6447750.0
-17156500.0;-176637000.0;-33580500.0
-11689700.0;32730900.0;-10606600.0
-32520000.0;77314600.0;-13628500.0
-8371880.0;56617100.0;-12772300.0
-24692400.0;-6091000.0;26233700.0
-4091600.0;62029500.0;-7295190.0
14894700.0;-184483000.0;-12777600.0
-4945590.0;-140058000.0;-14819400.0
-31264599.999999996;64587200.0;-11640500.0
-41158200.0;-81142600.0;-13803700.0
-4566060.0;70652000.0;-12896500.0
-10232300.0;33396000.000000004;-5886070.0
-16724200.000000002;-171475000.0;-37304700.0
-6476990.0;-165893000.0;-13952400.0
-26816200.0;66781600.0;17297100.0
-11773600.0;44705200.0;-9413910.0
-4217140.0;52338000.0;-9800700.0
-480460.0;-139046000.0;-22773100.0
2028710.0;-175212000.0;-11066100.0
-30487000.0;53437600.0;-7028580.0
811013.0;-109606000.0;-15648800.0
16081600.000000002;-186612000.0;-12193300.0
-30616500.0;71601800.0;1934180.0
-4381130.0;20413200.0;-7511370.0
-4998530.0;-117604000.0;-16744499.999999998
-31280200.0;63506700.0;-9592000.0
-25513500.0;53813200.0;-3659360.0
-1903580.0;-79634000.0;-25117800.0
-4754790.0;-189049000.0;-34642900.0
-9810010.0;72062000.0;-9118210.0
-18986300.0;66791699.99999999;-19713800.0
-15863700.000000002;66991499.99999999;-18114300.0
-7097510.0;73178300.0;-11749100.0
-7705280.0;48314600.0;-15914200.0
-7365010.0;-66904300.0;-28471200.0
-4041490.0;-164339000.0;-13985400.0
-1173790.0;37345600.0;4703240.0
-10294600.0;-153281000.0;-26940300.0
-953955.0;-69365300.0;-19912400.0
-26912900.0;3847730.0;9899790.0
-3634120.0;-127120000.00000001;-17598600.0
-1063810.0;-149890000.0;-26697800.0
13606300.0;-181204000.0;-14487100.0
-28630200.0;64988199.99999999;-2293480.0
-34762500.0;-128523000.0;-16774899.999999998
-31668500.000000004;31833500.0;-7041250.0
-25893700.0;45660000.0;-3804700.0
-18466000.0;39879800.0;-4488630.0
-27899500.0;72509700.0;-11267700.0
-18803800.0;52692000.0;-1379300.0
-4997170.0;62431100.0;-8614610.0
-18086300.0;69688900.0;-13809400.0
-9757040.0;-126512000.00000001;-22625100.0
-5484310.0;71500200.0;-15047700.0
-11156900.0;34949800.0;-8563190.0
-5933340.0;-173158000.0;-9562900.0
-28692700.0;70879300.0;1606110.0
-12289600.0;44947500.0;-9491300.0
-5166580.0;53375800.0;-11997200.0
-1407620.0;-136168000.0;-24607500.0
1578180.0;-174924000.0;-11050100.0
-31071500.0;54204400.0;-8541620.0
-195976.0;-106719000.0;-17807300.0
15546800.0;-185939000.0;-12420100.0
-31410800.000000004;72838600.0;-2015390.0000000002
-4528460.0;19489800.0;-5330860.0
-5768520.0;-115614000.0;-18055800.0
-31857800.0;64113900.0;-10969600.0
-25904500.0;53394700.0;-1967070.0
-2306630.0;-79996500.0;-24496200.0
-5178720.0;-189479000.0;-34175000.0
-98177800.0;-63891300.0;-9864680.0
-10795000.0;73014300.0;-12009700.0
-7905010.000000001;73916400.0;-14284700.0
-8512160.0;49180600.0;-17479200.0
-7921520.0;-66592700.00000001;-28370100.0
-1511440.0;-69101700.0;-19775600.0
-27754600.0;8839930.0;1615220.0
-4573080.0;-122232000.0;-20712500.0
-2167550.0;-143446000.0;-30321500.0
-28896100.0;65281900.00000001;-3404480.0
-35100000.0;-124261000.0;-19449700.0
-19329200.0;70052400.0;-14450700.0
-33080100.0;-169174000.0;-15299400.0
-10197100.0;51347100.0;-8467710.0
-12683100.0;-132583000.0;-15768800.0
-4468320.0;-134617000.0;-22359800.0
-28258600.0;72820300.0;-12057900.0
-58311900.0;-125097999.99999999;734793.0
-23257300.0;69813900.0;-2907740.0
-9472630.0;-129455999.99999999;-13853800.0
-552198.0;-132697000.00000001;-25668500.0
-22545700.0;69000600.0;-18146600.0
-35128000.0;-159897000.0;1553920.0
-10499600.0;67884400.0;-14491900.0
-10164300.0;51971000.0;-16197699.999999998
-12295300.0;51145100.0;2636650.0
-29025500.0;68942300.0;2123730.0
-27557800.0;39997900.0;2764470.0
-9782060.0;35874700.0;4108149.9999999995
-15210900.0;68039400.0;-2692900.0
-10935500.0;-85539500.0;-31674900.0
-693636.0;-151430000.0;-25621500.0
-38099500.0;-160467000.0;-28311000.0
-38838900.0;-108403000.0;-16463499.999999998
-13392300.0;-112949000.0;-18040500.0
-6384080.0;-161159000.0;-36357600.0
-4818640.0;-113002000.0;-26938100.0
-30979700.0;31192900.0;-7461960.0
-25847200.0;42632300.0;3500520.0
-18064200.0;36432800.0;1880780.0
709820.0;-125251000.0;-19918400.0
-25295900.0;28921000.0;7356880.0
-18153400.0;48131400.0;6439100.0
-10866600.0;33571600.0;-5359840.0
-27942300.0;77990800.0;-22083400.0
-12036600.0;43645700.0;-7077690.0
-1328910.0;-136493000.0;-24489400.0
370858.0;-109458000.0;-16050600.000000002
-31406100.0;71877000.0;1781440.0
-6070120.0;-110854000.0;-21586400.0
-1529430.0;-83845900.0;-21883400.0
-7761230.0;73773900.0;-13579300.0
-8873760.0;-177326000.0;-14404100.0
-2448780.0;-61640500.0;-26050500.0
-27259600.0;14093000.0;-6712350.0
-4642290.0;-121194000.0;-21522300.0
-2248980.0;-142283000.0;-31120100.0
-35057900.0;-123548000.0;-20030600.0
-19279700.0;69991400.0;-14141100.0
-33050999.999999996;-172308000.0;-13582200.0
-10182200.0;51807100.0;-9497280.0
-12924900.0;-125761000.00000001;-20285200.0
-4573080.0;-132035000.00000001;-24081800.0
-28154900.0;73304100.0;-13482700.0
-57902500.0;-122572000.0;-1236860.0
-23208500.0;72015000.0;-10186600.0
-9479510.0;-127632000.0;-15206300.0
-610714.0;-130933000.0;-26892700.0
-22451700.0;68787800.0;-17382200.0
-35123400.0;-160464000.0;1760170.0
-10515400.0;68404500.0;-15950500.0
-9777160.0;50612000.0;-13031200.0
-29119800.0;68357900.0;4221920.0
-27659200.0;38874100.0;5226290.0
-10060800.0;39573200.0;-3673600.0
-15270300.0;70706600.0;-11172300.0
-10841000.0;-87650500.0;-30364100.0
-719779.0;-150752000.0;-26190200.0
-38706200.0;-168810000.0;-24108100.0
-80603600.0;-181344000.0;-22988200.0
-39175100.0;-111483000.0;-14423400.0
-13387600.0;-115782000.0;-16235500.0
-6135280.0;-171509000.0;-31221000.0
-4732810.0;-115165000.0;-25680700.0
-12204100.0;69315200.0;-17294300.0
-6042070.0;-98146400.0;-23247400.0
-6182970.0;-75201800.0;-21130700.0
-36197700.0;-134386000.0;-32272200.0
-29214600.0;70188100.0;-1452910.0
-19111600.0;64037399.99999999;-6315540.0
-11356500.0;-109908000.0;-12401900.0
-10127300.0;-170485000.0;-17365100.0
-1657270.0;-96090600.0;-10881800.0
540548.0;-126017999.99999999;-18959100.0
-17386200.0;-185065000.0;-29401000.0
-8450410.0;54211800.0;-1567270.0
-10327000.0;66855899.99999999;-10544500.0
-26502000.0;10518200.0;-4656400.0
-16564400.0;57437400.0;289189.0
-7039050.0;42085200.0;-1173030.0
-25781300.0;41802900.0;4224990.0
-17799600.0;36024700.0;4335500.0
-11613600.0;58196700.0;16361100.0
-18011600.0;46539400.0;10703600.0
-11878500.0;40378000.0;332188.0
-32557400.0;68461800.0;14435600.0
-5905710.0;-111862000.0;-20907200.0
-14788400.0;66661799.99999999;-21210400.0
-8769130.0;-171149000.0;-17975300.0
-26763100.0;8314220.000000001;1448190.0
-13387400.0;-116351000.0;-16375600.0
-33634300.0;-175764000.0;-11856900.0
-9796110.0;48934000.0;-2175710.0
-12654100.0;-119981000.0;-23890000.0
-4353440.0;-134865000.0;-22669400.0
-34393900.0;-78708200.0;-9014800.0
-23463900.0;70266800.0;-4527430.0
-9469760.0;-122637000.0;-18542900.0
-22747100.0;66379700.0;-10491200.0
-34449200.0;-154028000.0;-4037720.0
-9734920.0;43084800.0;2967860.0
-29239300.0;67323600.0;7773500.0
-27743000.0;37320900.0;8619980.0
-10638300.0;-90634100.0;-28383300.0
-39217800.0;-177074000.0;-19892400.0
-81468200.0;-185870000.0;-20820700.0
-13228000.0;-120707000.0;-12978900.0
-5736300.0;-181586000.0;-26237500.0
-5888250.0;-78462100.0;-18591900.0
-36217600.0;-136664000.0;-30984300.0
-29192700.0;69674200.0;422729.0
-18709100.0;64528400.0;-7531320.0
-9923020.0;-173257000.0;-15844400.000000002
-1363760.0;-98112900.0;-9318460.0
848769.0;-127928999.99999999;-17743600.0
-17028600.0;-183364000.0;-30406000.0
-8380479.999999999;54106000.0;-1265150.0
-10129600.0;67359300.0;-11970200.0
-27151700.0;7636700.0;-47819.9
-16351200.0;57905200.0;-936925.0
-2673490.0;36784200.0;689875.0
-32572900.0;-25314100.0;-11599000.0
-18047200.0;67508300.0;-10201300.0
13109700.0;-181643000.0;-15936900.0
-2248960.0;-146777000.0;-6110740.0
-62225500.0;-123358000.0;926513.0
-6659800.0;-182803000.0;-25201200.0
-2472590.0;54804400.0;-10016500.0
-31977100.0;-147188000.0;-10166400.0
-9086510.0;-185872000.0;-37034900.0
-7841620.000000001;45174200.0;-1873780.0
-863110.0;26658500.0;1022670.0
-17150400.0;-186983000.0;-47943500.0
-52345300.0;-132338000.00000001;-10259800.0
-8625320.0;-160007000.0;-22808700.0
-1416880.0;-190799000.0;-6972560.0
-5618300.0;60654400.0;-357091.0
-50335200.0;-38711200.0;2906280.0
-7777410.0;66486500.00000001;16147900.0
-57149300.0;-46121900.0;-22883800.0
-26037300.0;64208000.0;-4720550.0
11396000.0;-97221800.0;-17064800.0
-2015170.0000000002;-141408000.0;-6841780.0
-5068080.0;34807200.0;12750300.0
-33847000.0;68048700.0;16899800.0
-22772600.0;62096100.0;-12457100.0
-30721900.0;-159676000.0;-21290700.0
-33402500.0;-145268000.0;-10065600.0
-38970900.0;-117594000.0;4710000.0
-11137600.0;34627900.0;7456030.0
-874611.0;-160927000.0;-19850800.0
-39255700.0;-173278000.0;-21607400.0
-78282900.0;-173986000.0;-28097500.0
-5870050.0;-174316000.0;-30257700.0
-19860800.0;-184362000.0;-13025900.0
-30406900.0;68602100.0;3228660.0
689464.0;-123124000.0;-20410500.0
-16421700.0;-173876000.0;-35657700.0
-43563300.0;-4714280.0;-26204200.0
-98160400.0;-174335000.0;-49412700.0
-8674410.0;54838400.0;-3568750.0
-10411300.0;67849400.0;-13984500.0
-26934900.0;9956230.0;-3841400.0
-16929600.0;57168700.0;577104.0
-2918540.0;38359500.0;-2929100.0
-32410799.999999996;-23215200.0;-14049700.0
-18105100.0;68190600.0;-12843100.0
12568100.0;-175399000.0;-19224300.0
-2503950.0;-141893000.0;-9186780.0
-57297300.0;-110718000.0;-11273800.0
-6444720.0;-173969000.0;-29845200.0
-30584500.0;-137129000.0;-16823700.0
-51045100.0;-127642000.0;-13688900.0
-8822650.0;-159565000.0;-23094600.0
-55783300.0;-43074700.0;-26072000.0
11565100.0;-97372900.0;-17096300.0
-744534.0;-134952000.0;-11410000.0
-10862100.0;64050800.00000001;-3711950.0
13835000.0;-118423000.0;-521931.0
7587090.0;-177422000.0;-11067400.0
-42016900.0;-22302900.0;-33078499.999999996
-23894000.0;35550700.0;11245100.0
-17241200.0;62528500.0;-12770000.0
-14601500.0;-164166000.0;-11233100.0
-31953400.0;66439300.00000001;-680214.0
-5747910.0;-54890600.0;-29636200.0
-6402440.0;36909600.0;-6063740.0
-20510000.0;71113400.0;-6886770.0
-50907200.0;-36733300.0;-12688900.0
-42008200.0;-21568000.0;-39170100.0
-23177000.0;63288500.0;-13012100.0
33747.9;65774900.0;1996200.0
-7926740.0;43514100.0;-1634090.0
-2339220.0;62181600.0;-5093920.0
375524.0;61784000.0;13916400.0
7656680.0;28244700.0;-2870620.0
-21840400.0;63605400.00000001;-4639690.0
-23577500.0;61548300.0;-11120300.0
-39072100.0;-172501000.0;-22669000.0
-31461299.999999996;-87372100.0;-34781900.0
-25454000.0;12591100.0;-8322160.0
-19265700.0;55042400.0;5110300.0
-9342880.0;-130764999.99999999;-18212400.0
12008400.0;-175558000.0;-19590100.0
-59300500.0;-116910000.0;-7911750.0
-6422590.0;-173481000.0;-30497300.0
-29730100.0;-133699000.00000001;-19281700.0
-8704190.0;-157660000.0;-24321600.0
-55267300.0;-43354200.0;9771840.0
-55054100.0;-41352300.0;-27842800.0
11238300.0;-97935500.0;-16798500.0
-700867.0;-133226000.00000001;-12737600.0
-11310000.0;63951800.0;-3482440.0
13481900.0;-118710000.0;-479111.0
7556860.0;-175477000.0;-12369000.0
-42368600.0;-22295700.0;-33197600.0
-24329200.0;35433500.0;11414600.0
-17694600.0;62178800.0;-11630000.0
-15502400.0;-166478000.0;-10115000.0
-6040790.0;69863400.0;-4153520.0
-33189400.0;65762400.0;947496.0
-9351670.0;-63903000.0;-23038200.0
-8809780.0;33803500.0;-1310640.0
-21652400.0;70470000.0;-5442470.0
-52801200.0;-39135900.0;-10622000.0
-43751300.0;-23689500.0;-37514400.0
-24740700.0;61862300.0;-9934740.0
-877926.0;64646800.00000001;4844180.0
-9343740.0;41507900.0;1973980.0000000002
-3202390.0;61106000.0;-2564840.0
267166.0;61598900.0;14883000.0
-22323500.0;63214999.99999999;-3188880.0
-53084100.0;-36996900.0;-14562500.0
-1999599.9999999998;17772800.0;11923800.0
349924.0;41284600.0;1200530.0
-1482520.0;11579100.0;6860310.0
-22656600.0;37363700.0;7392580.0
-8874070.0;-88628500.0;-14852400.0
14433900.0;-115433000.0;-758521.0
6815620.0;-25830100.0;16295600.0
-30837400.0;-87366900.0;-20680400.0
4222550.0;-4323730.0;12984200.0
-25268900.0;33243799.999999996;-14535300.0
-19704000.0;48948800.0;-13509700.0
-14162400.0;40159800.0;-7236580.0
-19106100.0;37317500.0;-12741000.0
-8269469.999999999;34564000.0;-3673950.0
-31473800.000000004;69776800.0;-4177780.0
-15160700.0;69295200.0;-16520400.000000002
-10259900.0;-146797000.0;-47313400.0
-19864400.0;18688800.0;-16772599.999999998
-13565500.0;63038800.00000001;-7320850.0
16914900.0;-147362000.0;-32662600.0
-6272200.0;47654900.0;1923710.0
-6616400.0;65251900.0;-5679410.0
14766700.0;-83849700.0;-25993100.0
4960020.0;-110877000.0;-26009600.0
-14455200.0;66618700.0;-18825000.0
-10260400.0;73646000.0;-6288550.0
-3221540.0;73045800.0;-10634900.0
-7275280.0;55844700.0;-3880300.0
-4028520.0;21947800.0;5895550.0
-8025450.0;-58535400.0;-26902900.0
-7650390.0;36276000.0;-4986100.0
-21632900.0;65415900.0;-16031799.999999998
1718880.0;68441000.0;-2429850.0
-993011.9999999999;64455000.0;-8492650.0
2843080.0;65527300.0;7195200.0
4239470.0;22068900.0;5544280.0
-18991400.0;66926900.0;-9884070.0
1905630.0;25688200.0;1328910.0
2850470.0;45875200.0;-5756650.0
-28591100.0;30698000.0;16825000.0
-5684040.0;-78541900.0;-21878200.0
10931500.0;-14374700.0;4129970.0
9316030.0;7367280.0;-785531.0
-4980370.0;18468400.0;-2225850.0
-6410440.0;74834800.0;-4504550.0
-15561400.0;69802800.0;-14633700.0
-4000900.0;48397900.0;-8258800.0
-933666.0;46155400.0;1481600.0
-10656700.0;65025100.0;-20585100.0
2717940.0;46829000.0;-17793000.0
-8139420.0;74589700.0;-8298290.0
8389560.0;27619100.0;-11085400.0
-16997000.0;63878900.0;22268500.0
-1504640.0;-70740600.0;-16536300.0
1318630.0;-136344000.0;10294600.0
2975110.0;17394500.0;-2186900.0
-25595000.0;-99007900.0;-15882700.0
-34452700.0;-71345300.0;-2747420.0
21952300.0;-140001000.0;-30349500.0
-15904000.000000002;39839600.0;-16519500.0
-409568.0;-68464800.0;-18845500.0
-14750800.0;72631900.0;-18419300.0
-18351600.0;49523300.0;-15083800.0
-16091300.0;36892400.0;-4467450.0
-18509100.0;36954400.0;-13191200.0
-14782000.0;-157263000.0;-43132900.0
-21160300.0;16805500.0;-15017100.0
-5281420.0;61225800.0;-2268920.0
9169500.0;-99658200.0;-16878800.0
-14779700.0;66609699.99999999;-18309200.0
-11340300.0;72839400.0;-4507010.0
-5121560.0;71279800.0;-7402560.0
-7978839.999999999;54525000.0;-2354800.0
-22813400.0;64946900.0;-14792700.0
4063420.0;21539900.0;6282070.0
1627950.0;-120749000.0;-36204000.0
2212790.0;25845000.0;1267840.0
-26336800.0;33507000.000000004;11881900.0
-6569010.0;-80820200.0;-20801400.0
11415000.0;-12409700.0;3262200.0
9068250.0;6842820.0;-293912.0
-7476410.0;14686900.0;2103280.0
-15889400.000000002;69705300.0;-14295000.0
1409980.0;49041000.0;-2299980.0
-11177400.0;64760200.00000001;-20124500.0
1797440.0;45902200.0;-16651800.000000002
-9523240.0;73707900.0;-6614700.0
-17677400.0;63544000.0;23162200.0
-3174530.0;-74654600.0;-14101700.0
5440320.0;-126429000.00000001;4637290.0
2396840.0;16328900.0;-932852.0
-17802400.0;38122400.0;-14058400.0
-17343900.0;71026300.0;-15238400.0
-15587100.0;-93067000.0;-14498000.0
-11509000.0;-106833000.0;-24691200.0
375236.0;-160115000.0;-24217400.0
3458830.0;43778900.0;5785730.0
-11492100.0;-105977000.0;-19080200.0
33861700.0;-135010000.0;13955000.0
-14018500.0;45043800.0;-1898830.0
-12406400.0;39190300.0;-3322410.0
7077760.0;-103306000.0;-13721500.0
-4296290.0;45021800.0;4262280.0
48371800.0;-158160000.0;-22819400.0
-8139600.0;68679900.0;-11851800.0
-7294410.0;-151985000.0;-29275400.0
7710350.0;63189400.00000001;5647980.0
3153460.0;73160500.0;15310100.0
11407600.0;-31211900.0;11531500.0
-23839700.0;-37850900.0;-30886200.0
822538.0;72500000.0;-2132230.0
12673900.0;-100842000.0;-4795500.0
6659230.0;19864800.0;7363880.0
15694799.999999998;64272100.0;-2448270.0
2756350.0;54433200.0;-21613900.0
-30261400.0;3683540.0;-4015780.0
-10607600.0;-149928000.0;-6635420.0
3567880.0;-181787000.0;-10940400.0
-13137300.0;41125700.0;5436250.0
-28647900.0;-199465000.0;-45713800.0
24615900.0;30820100.0;-12992600.0
-6043060.0;-152453000.0;20697700.0
-24323000.0;-110831000.0;-12468000.0
-14098100.0;-95699000.0;-1175870.0
1640620.0;69578300.0;9238520.0
-19197600.0;-87599900.0;-12934900.0
-18643900.0;-105176000.0;-6979140.0
-17944300.0;-124410000.0;-9077590.0
2884130.0;49834200.0;-13170100.0
5462070.0;42878100.0;-14232800.0
-11248800.0;59093900.0;7536660.0
13584300.0;49951900.0;-16382700.0
5669380.0;-113884000.0;-8389340.0
41795400.0;-187947000.0;-10517700.0
-3070270.0;68324800.0;24388600.0
-30261600.0;-47489900.0;-25165900.0
8705520.0;-112283000.0;1501910.0
4963920.0;15487400.0;11900800.0
9820710.0;58757000.0;5958250.0
-7938290.000000001;-141045000.0;-2721620.0
-8121020.0;19087300.0;-17599500.0
6304030.0;-47440300.0;14693600.0
-38109000.0;-179370000.0;-6876370.0
45886900.0;-181684000.0;-39233000.0
31778500.0;31916700.0;-9044650.0
18194200.0;-64016600.00000001;-3924170.0000000005
232156.0;-44807500.0;22670200.0
-65769600.0;48063300.0;12001800.0
4758570.0;-192461000.0;-19969400.0
-82329700.0;-31877900.0;18894300.0
3228870.0;-161935000.0;29494100.0
-29059000.0;55757300.0;2470210.0